country,year,ny_adj_dpem_cd
afg,2001,174717513.07533
afg,2002,211732780.1834
afg,2003,257040885.38409
afg,2004,319109978.5793
afg,2005,361641713.94956
afg,2006,420679671.03783
afg,2007,502052002.06859
afg,2008,484600798.79633
afg,2009,494241214.67502
afg,2010,582608584.55873
afg,2011,691404536.8893
afg,2012,769488909.48333
afg,2013,804632625.57744
afg,2014,841257292.32073
afg,2015,810288190.72594
afg,2016,827217371.27661
ago,1990,205710180.48284
ago,1991,250268015.24379
ago,1992,121540951.05001
ago,1993,133578562.14628
ago,1994,95946262.31687
ago,1995,100358514.76132
ago,1996,128285262.06043
ago,1997,119234407.67873
ago,1998,100088250.30342
ago,1999,98363009.1445
ago,2000,149869085.50921
ago,2001,143915528.71263
ago,2002,217214842.40025
ago,2003,233084715.75292
ago,2004,290183906.5009
ago,2005,352720912.82947
ago,2006,433315406.33523
ago,2007,560647279.42195
ago,2008,767039413.5341
ago,2009,781593789.88155
ago,2010,906172657.9031
ago,2011,1141890988.20545
ago,2012,1196426883.93193
ago,2013,1167107768.29953
ago,2014,1027764180.8415
ago,2015,766669349.91666
ago,2016,662449565.41041
alb,1990,31445657.69752
alb,1991,20379150.61967
alb,1992,11964437.60273
alb,1993,17240914.04975
alb,1994,24252173.13781
alb,1995,23487377.13058
alb,1996,27916548.2701
alb,1997,21506038.72546
alb,1998,21679404.33558
alb,1999,22790074.9158
alb,2000,20986200.83582
alb,2001,21633326.34339
alb,2002,22689577.38566
alb,2003,26403203.99479
alb,2004,30112985.83217
alb,2005,30257298.14527
alb,2006,29215180.29839
alb,2007,31912528.64919
alb,2008,36189058.75553
alb,2009,32584412.42164
alb,2010,31443395.47678
alb,2011,33915070.98695
alb,2012,32258665.89602
alb,2013,33418054.87735
alb,2014,33833615.86611
alb,2015,28124856.27056
alb,2016,27991124.79427
are,1990,86957962.09726
are,1991,100521247.71338
are,1992,114613124.4247
are,1993,117654652.99242
are,1994,120640427.14311
are,1995,131715297.81486
are,1996,135138112.825
are,1997,127305743.69889
are,1998,125996017.58933
are,1999,140644968.67591
are,2000,160637172.1579
are,2001,157211932.57662
are,2002,163259520.44474
are,2003,170961514.62191
are,2004,189776859.10642
are,2005,229759339.4024
are,2006,260820409.69679
are,2007,310613302.26999
are,2008,380536882.77982
are,2009,346031878.38805
are,2010,414308851.42947
are,2011,499222130.97282
are,2012,530840681.13618
are,2013,558829784.19657
are,2014,606639709.77898
are,2015,577624806.9798
are,2016,611182011.36426
arg,1990,511489646.73611
arg,1991,632926493.29209
arg,1992,706284879.16999
arg,1993,691046535.84484
arg,1994,708841023.36697
arg,1995,732920725.69556
arg,1996,718727095.39515
arg,1997,685485720.15207
arg,1998,651391926.49833
arg,1999,617793606.56944
arg,2000,607433167.14087
arg,2001,595196385.2015
arg,2002,226636189.74351
arg,2003,249673253.10369
arg,2004,284796423.12013
arg,2005,296301344.90095
arg,2006,307892061.39018
arg,2007,353312810.75606
arg,2008,435135751.77689
arg,2009,440917202.23814
arg,2010,534031736.12873
arg,2011,631668280.83477
arg,2012,646545921.06319
arg,2013,640138297.71608
arg,2014,628348844.62092
arg,2015,673185490.44291
arg,2016,626725691.12319
arm,1990,36302708.33941
arm,1991,35485925.79767
arm,1992,31237173.8892
arm,1993,28314216.05056
arm,1994,26594764.88091
arm,1995,23635812.86173
arm,1996,19848676.04237
arm,1997,18887810.20905
arm,1998,19570919.36578
arm,1999,17721951.60989
arm,2000,16272028.87734
arm,2001,16741598.74548
arm,2002,17705985.7051
arm,2003,19539694.42649
arm,2004,24407977.6553
arm,2005,31832978.09968
arm,2006,40424664.95588
arm,2007,55938107.75329
arm,2008,70318985.40692
arm,2009,65916824.04283
arm,2010,68481385.46798
arm,2011,73573205.81199
arm,2012,70334192.01573
arm,2013,70842665.32407
arm,2014,71845191.52601
arm,2015,64272707.49521
arm,2016,64020755.40778
aus,1990,192551778.45031
aus,1991,190785325.11537
aus,1992,184344714.35133
aus,1993,160432957.84486
aus,1994,158478036.79643
aus,1995,168650496.84514
aus,1996,176373283.76429
aus,1997,187921458.33453
aus,1998,164521994.02479
aus,1999,152809986.03674
aus,2000,159858916.0673
aus,2001,142455231.52793
aus,2002,143333669.72132
aus,2003,162102011.36422
aus,2004,203332976.76297
aus,2005,225596082.736
aus,2006,232379751.37833
aus,2007,252640935.50112
aus,2008,296446650.43841
aus,2009,252758474.74342
aus,2010,296868157.86099
aus,2011,363254450.13953
aus,2012,403133176.72634
aus,2013,413554139.47484
aus,2014,383682321.37151
aus,2015,356628633.95086
aus,2016,321152113.65726
aut,1990,164941676.95687
aut,1991,163597255.00089
aut,1992,176382668.10231
aut,1993,170033871.08863
aut,1994,206598917.1164
aut,1995,232093454.61708
aut,1996,205972527.5677
aut,1997,172290175.58531
aut,1998,167742271.87654
aut,1999,158780702.19898
aut,2000,139497841.61274
aut,2001,137539207.10728
aut,2002,136318608.01714
aut,2003,158422807.09326
aut,2004,163386819.08148
aut,2005,169244380.33947
aut,2006,176735695.78971
aut,2007,217079646.15822
aut,2008,240590171.65322
aut,2009,232264495.26193
aut,2010,219590324.62319
aut,2011,228169894.85634
aut,2012,214142744.53511
aut,2013,227568589.69228
aut,2014,227976913.4534
aut,2015,196517526.558
aut,2016,199563761.05976
aze,1990,160278267.79718
aze,1991,157708905.84326
aze,1992,104089580.60814
aze,1993,98740042.40975
aze,1994,93112957.50749
aze,1995,80385625.70501
aze,1996,59823006.90148
aze,1997,53028883.75833
aze,1998,42073454.02207
aze,1999,33853728.63398
aze,2000,32754427.20992
aze,2001,31753015.17956
aze,2002,31579813.6632
aze,2003,33740574.82778
aze,2004,37397206.70365
aze,2005,45843390.14285
aze,2006,56233634.81127
aze,2007,74562276.15133
aze,2008,107610021.14352
aze,2009,94123082.57479
aze,2010,123179667.3081
aze,2011,148535870.6797
aze,2012,157090475.93332
aze,2013,158719566.35438
aze,2014,155981943.33147
aze,2015,107925696.57497
aze,2016,78574070.23881
bdi,1990,45253467.53268
bdi,1991,44919939.27018
bdi,1992,40873006.51256
bdi,1993,33257434.58669
bdi,1994,36103080.21828
bdi,1995,39638805.52238
bdi,1996,34211481.55924
bdi,1997,36017781.56834
bdi,1998,29794375.06098
bdi,1999,26544480.21581
bdi,2000,28174250.31822
bdi,2001,27929227.28256
bdi,2002,25359277.65156
bdi,2003,24264658.3268
bdi,2004,27177568.22116
bdi,2005,33536024.68636
bdi,2006,34311920.44256
bdi,2007,33577731.05264
bdi,2008,36621595.95421
bdi,2009,36009940.16924
bdi,2010,37823339.43291
bdi,2011,43686031.49495
bdi,2012,45545476.25486
bdi,2013,49358241.44733
bdi,2014,55903563.24692
bdi,2015,58927320.12843
bdi,2016,58961674.92864
bel,1990,233963954.92695
bel,1991,231099626.43325
bel,1992,254818371.2356
bel,1993,230463594.64333
bel,1994,242124489.66383
bel,1995,276035772.55249
bel,1996,257605313.81565
bel,1997,220213386.09999
bel,1998,214428990.29226
bel,1999,233147902.37129
bel,2000,191645704.44954
bel,2001,189779244.25876
bel,2002,198526970.5823
bel,2003,240470327.55979
bel,2004,267075980.5684
bel,2005,289211814.69361
bel,2006,280426393.27624
bel,2007,319353336.80649
bel,2008,342017669.13262
bel,2009,331109235.6039
bel,2010,329062407.41758
bel,2011,351181257.35585
bel,2012,334923967.9628
bel,2013,346793942.83975
bel,2014,346714434.60827
bel,2015,289395680.26762
bel,2016,289569345.61857
ben,1990,99967846.33294
ben,1991,98234327.78586
ben,1992,82534178.99895
ben,1993,105427512.98597
ben,1994,71777351.31588
ben,1995,89817149.28031
ben,1996,90073329.47276
ben,1997,79471486.64176
ben,1998,79987445.64835
ben,1999,81874693.06955
ben,2000,73994485.10649
ben,2001,73405835.09645
ben,2002,79469756.62178
ben,2003,98201873.08956
ben,2004,108351075.62752
ben,2005,111357202.38799
ben,2006,113387348.46408
ben,2007,125305561.89681
ben,2008,144593039.77104
ben,2009,142139309.38191
ben,2010,137800096.42964
ben,2011,152994783.14003
ben,2012,155183382.64681
ben,2013,166135687.34545
ben,2014,170446369.25111
ben,2015,146905930.43699
ben,2016,150414039.39089
bfa,1990,156705255.93661
bfa,1991,148004532.59298
bfa,1992,104265577.61126
bfa,1993,104329395.88113
bfa,1994,82059091.54658
bfa,1995,95715178.71734
bfa,1996,92625901.64637
bfa,1997,82926675.00728
bfa,1998,89414873.75062
bfa,1999,92010542.38025
bfa,2000,82246250.49412
bfa,2001,85729273.31539
bfa,2002,97459259.94354
bfa,2003,122203536.86564
bfa,2004,136112370.28295
bfa,2005,146580552.27739
bfa,2006,148948802.47639
bfa,2007,164210459.6959
bfa,2008,197155077.43409
bfa,2009,195916550.31229
bfa,2010,199838787.16411
bfa,2011,227548666.62798
bfa,2012,229293507.16235
bfa,2013,232117042.34505
bfa,2014,235763531.67774
bfa,2015,195083309.53232
bfa,2016,212668321.92335
bgd,1990,823182916.20301
bgd,1991,749604696.45343
bgd,1992,746683017.20631
bgd,1993,737706709.07195
bgd,1994,714526185.98921
bgd,1995,761168775.9536
bgd,1996,892384180.96696
bgd,1997,887738135.96901
bgd,1998,868788023.77647
bgd,1999,848351748.73238
bgd,2000,826235653.98511
bgd,2001,808949095.50778
bgd,2002,800571767.64473
bgd,2003,861193434.23577
bgd,2004,907885829.92968
bgd,2005,933104836.65303
bgd,2006,927428425.62307
bgd,2007,978560229.47298
bgd,2008,1085174769.00307
bgd,2009,1194450865.49321
bgd,2010,1314384931.58568
bgd,2011,1414989682.08351
bgd,2012,1407111015.49943
bgd,2013,1518381318.80811
bgd,2014,1639948370.32277
bgd,2015,1755934144.27497
bgd,2016,1890734725.59118
bgr,1990,133419452.17638
bgr,1991,68797039.9147
bgr,1992,59802969.85559
bgr,1993,60465693.0098
bgr,1994,51473294.29266
bgr,1995,63861180.72807
bgr,1996,43879540.46997
bgr,1997,46239624.52136
bgr,1998,54895748.88467
bgr,1999,50662577.32638
bgr,2000,44419123.48921
bgr,2001,46253645.81389
bgr,2002,53500237.08262
bgr,2003,72877906.47214
bgr,2004,85104465.66003
bgr,2005,90160707.19948
bgr,2006,106025429.2583
bgr,2007,133631501.21668
bgr,2008,166381410.78628
bgr,2009,158740954.24951
bgr,2010,145094076.78562
bgr,2011,159652859.03295
bgr,2012,152188773.02568
bgr,2013,165803507.20695
bgr,2014,176020901.95623
bgr,2015,151051187.40857
bgr,2016,154435523.07402
bhr,1990,13710042.84589
bhr,1991,13603703.20524
bhr,1992,13133565.3279
bhr,1993,12918380.87886
bhr,1994,13760671.72249
bhr,1995,14002459.11032
bhr,1996,14096954.65323
bhr,1997,14259700.14939
bhr,2000,17261332.4047
bhr,2001,16225069.22723
bhr,2003,16038732.86426
bhr,2004,16506413.28558
bhr,2005,17612644.53504
bhr,2006,18355212.44512
bhr,2007,20473588.12612
bhr,2008,22316365.42289
bhr,2009,19599076.25046
bhr,2010,21125323.8114
bhr,2011,23763999.68069
bhr,2012,24944227.10077
bhr,2013,25789464.2501
bhr,2014,25813314.0761
bhr,2015,24376782.34828
bhr,2016,23698090.93871
bhs,1991,6788142.76927
bhs,1992,6950524.89023
bhs,1993,6798729.14328
bhs,1994,6831779.11645
bhs,1995,6710895.60688
bhs,1996,6442143.9179
bhs,1997,8175847.23914
bhs,1998,7912244.26062
bhs,1999,8156111.91659
bhs,2000,8011188.56516
bhs,2001,8232647.99622
bhs,2002,8828659.96512
bhs,2003,9208275.7616
bhs,2004,9438185.15623
bhs,2005,10009327.56961
bhs,2006,9295086.11904
bhs,2007,9399109.25386
bhs,2008,9176836.57436
bhs,2009,8837661.1432
bhs,2010,8617306.46938
bhs,2011,8667616.66252
bhs,2012,11658035.43659
bhs,2013,12136151.35492
bhs,2014,12764144.47297
bhs,2015,13702550.74516
bhs,2016,13780787.95441
bih,1994,9368877.57096
bih,1995,12663482.67299
bih,1996,13162204.25535
bih,1997,15359706.65554
bih,1998,16518933.93974
bih,1999,20586107.32436
bih,2000,26066619.13369
bih,2001,29132549.45089
bih,2002,33692678.85269
bih,2003,41574122.97452
bih,2004,47864408.80966
bih,2005,51383791.66096
bih,2006,57910869.83796
bih,2007,76213000.09564
bih,2008,91569675.18611
bih,2009,79481522.02312
bih,2010,80608068.76699
bih,2011,81635321.99942
bih,2012,83930211.08971
bih,2013,84048383.93068
bih,2014,85034444.9218
bih,2015,72730538.74474
bih,2016,74754999.57952
blr,1990,74263505.13307
blr,1991,57319622.95938
blr,1992,60383891.11399
blr,1993,64950076.58134
blr,1994,65192327.91777
blr,1995,63721759.08217
blr,1996,60332079.56259
blr,1997,48511403.6799
blr,1998,44003073.25122
blr,1999,33616433.59004
blr,2000,35458587.08074
blr,2001,35956063.43882
blr,2002,43624534.93128
blr,2003,52268320.3528
blr,2004,64866160.66655
blr,2005,83709771.14788
blr,2006,96773207.61916
blr,2007,116911044.5042
blr,2008,153226531.35504
blr,2009,132288016.60234
blr,2010,153546485.39064
blr,2011,156401242.53027
blr,2012,164304099.85595
blr,2013,185306992.7312
blr,2014,185672908.77636
blr,2015,129932925.63408
blr,2016,105975186.18424
blz,1990,3938864.48901
blz,1991,3701021.11126
blz,1992,3787362.53306
blz,1993,3796828.86086
blz,1994,3917459.48046
blz,1995,4252763.5771
blz,1996,4519919.6496
blz,1997,4486548.31492
blz,1998,4613856.29898
blz,1999,4479999.43723
blz,2000,4490267.56385
blz,2001,4358151.38048
blz,2002,4293379.54434
blz,2003,4018719.87813
blz,2004,3950293.82531
blz,2005,3842708.48142
blz,2006,3910028.85029
blz,2007,4072076.16106
blz,2008,4111911.66645
blz,2009,3997493.73996
blz,2010,4052622.09012
blz,2011,4223231.26135
blz,2012,4346939.85893
blz,2013,4401136.84861
blz,2014,4414844.27577
blz,2015,4314855.67646
blz,2016,4286573.46227
bra,1990,3047370795.04726
bra,1991,3750664447.48352
bra,1992,2523146424.55337
bra,1993,2567010870.9994
bra,1994,2972006809.25908
bra,1995,3809819335.97106
bra,1996,3844357798.8675
bra,1997,3689727934.72522
bra,1998,3413740725.46989
bra,1999,2249171005.94945
bra,2000,2205348008.5441
bra,2001,1749235753.57645
bra,2002,1463684711.9339
bra,2003,1496864996.71716
bra,2004,1586487932.83886
bra,2005,1939086260.38852
bra,2006,2263821220.88143
bra,2007,2571810953.29575
bra,2008,2949906615.33014
bra,2009,2832067687.81727
bra,2010,3380661322.22011
bra,2011,3913754802.32431
bra,2012,3706525189.37925
bra,2013,3708452815.29097
bra,2014,3731436875.11826
bra,2015,2850000113.8218
bra,2016,2900380058.83488
brb,1990,4135176.29912
brb,1991,4122108.15968
brb,1992,4055986.10058
brb,1993,4038823.7109
brb,1994,3966574.2097
brb,1995,4103076.65207
brb,1996,3762573.15522
brb,1997,3873578.8506
brb,1998,4108405.74867
brb,1999,4347163.81246
brb,2000,4374762.11304
brb,2001,4550299.14938
brb,2002,4444377.20368
brb,2003,4617976.82865
brb,2004,4741505.74002
brb,2005,5059231.23699
brb,2006,5441325.43612
brb,2007,5818704.54597
brb,2008,6026033.87316
brb,2009,6159800.68752
brb,2010,6047778.87828
brb,2011,6479063.76607
brb,2012,6528826.15831
brb,2013,6684456.97154
brb,2014,6895204.51774
brb,2015,7027985.04467
brb,2016,7082377.12806
brn,1990,3809710.36717
brn,1991,3577839.47331
brn,1992,3558449.76985
brn,1993,3180356.99264
brn,1994,2790408.30571
brn,1995,2782418.73402
brn,1996,2763751.4596
brn,1997,2703664.4354
brn,1998,2017698.0579
brn,1999,2114000.79367
brn,2000,2478702.04109
brn,2001,2325697.97346
brn,2002,2496973.02304
brn,2003,2888548.45764
brn,2004,3620474.55348
brn,2005,4592343.85093
brn,2006,5335031.4353
brn,2007,5521696.46313
brn,2008,6389286.58804
brn,2009,4739637.3994
brn,2010,5736298.81716
brn,2011,7704467.30129
brn,2012,8164370.04646
brn,2013,8267180.38856
brn,2014,8236402.42866
brn,2015,6479144.72272
brn,2016,5971986.25582
btn,1990,19596916.18735
btn,1991,16175625.18024
btn,1992,15180891.04645
btn,1993,13421919.00087
btn,1994,14233902.14383
btn,1995,14942905.45057
btn,1996,14957281.7691
btn,1997,16720263.58073
btn,1998,16651546.78964
btn,1999,17507937.82406
btn,2000,17054811.79588
btn,2001,17483487.55183
btn,2002,17721432.56035
btn,2003,18673142.88328
btn,2004,19329371.45089
btn,2005,20327293.20001
btn,2006,19467695.18127
btn,2007,21429143.8485
btn,2008,21099525.92451
btn,2009,19455051.20093
btn,2010,21913174.96191
btn,2011,24124304.12256
btn,2012,21165059.23614
btn,2013,21492171.2066
btn,2014,21536806.63248
btn,2015,21261727.73972
btn,2016,21004279.42567
bwa,1990,25063798.9967
bwa,1991,24982235.84653
bwa,1992,26097812.07958
bwa,1993,26917899.09446
bwa,1994,26782444.23411
bwa,1995,28489582.83019
bwa,1996,28553478.40201
bwa,1997,27649784.67627
bwa,1998,25842949.67186
bwa,1999,27443477.11265
bwa,2000,27792811.4563
bwa,2001,24453081.04779
bwa,2002,22109961.18371
bwa,2003,28720577.05292
bwa,2004,32696156.20011
bwa,2005,35554579.84159
bwa,2006,33109553.11279
bwa,2007,32922200.62992
bwa,2008,30187758.47208
bwa,2009,29563029.56288
bwa,2010,33160550.02935
bwa,2011,39204308.1063
bwa,2012,35418915.63283
bwa,2013,33540350.40079
bwa,2014,36777207.92794
bwa,2015,33577127.84848
bwa,2016,34837158.02222
caf,1990,22271946.38635
caf,1991,21524411.75498
caf,1992,23052838.42207
caf,1993,20463196.11005
caf,1994,12964780.64705
caf,1995,15642913.56112
caf,1996,14217520.843
caf,1997,12414894.69273
caf,1998,12204496.63062
caf,1999,12245383.26753
caf,2000,11415815.84532
caf,2001,11203954.15749
caf,2002,11620677.16744
caf,2003,13953765.05314
caf,2004,14444878.79262
caf,2005,14958258.96835
caf,2006,15505355.1161
caf,2007,16376138.84887
caf,2008,18192638.99908
caf,2009,17061890.13928
caf,2010,15763130.02321
caf,2011,17507054.70491
caf,2012,17082237.64584
caf,2013,17482295.79671
caf,2014,18504485.27262
caf,2015,15967519.2441
caf,2016,16140058.55224
can,1990,488806519.51511
can,1991,494132899.88609
can,1992,463264203.86637
can,1993,418030638.14484
can,1994,400758145.18396
can,1995,383830489.19057
can,1996,386486727.05178
can,1997,383725614.44596
can,1998,355572818.98918
can,1999,358311622.12724
can,2000,369770527.5159
can,2001,367413184.12855
can,2002,389645694.53955
can,2003,471976905.21412
can,2004,535005339.37845
can,2005,601694085.25986
can,2006,642437181.96421
can,2007,701850627.85007
can,2008,737897669.69848
can,2009,674146311.87872
can,2010,767818307.84273
can,2011,844335382.41009
can,2012,876818825.59072
can,2013,904276272.05218
can,2014,885164016.66217
can,2015,782117995.33099
can,2016,782404389.50057
che,1990,356016567.10211
che,1991,361527039.00813
che,1992,348976295.73799
che,1993,328307296.45666
che,1994,348028549.10121
che,1995,370374111.0892
che,1996,337462125.972
che,1997,271983751.76065
che,1998,255808179.26714
che,1999,243807706.21221
che,2000,213044533.1024
che,2001,215839012.48919
che,2002,220330799.05509
che,2003,266650477.97445
che,2004,274196616.14704
che,2005,259408558.82415
che,2006,258933025.86876
che,2007,280743224.22255
che,2008,313283523.04534
che,2009,315470097.88103
che,2010,315860660.57839
che,2011,381049105.10485
che,2012,357040473.70242
che,2013,356399580.47898
che,2014,361189485.20219
che,2015,337650184.67518
che,2016,323834235.95747
chl,1990,97853874.2549
chl,1991,103834574.14893
chl,1992,114261206.40054
chl,1993,112778717.88974
chl,1994,118386957.45501
chl,1995,136059409.56472
chl,1996,134029611.55917
chl,1997,138120293.49602
chl,1998,131386016.662
chl,1999,118722237.44637
chl,2000,113378642.32824
chl,2001,100640814.0515
chl,2002,96016561.15553
chl,2003,101667825.99439
chl,2004,123735730.16284
chl,2005,146975885.24393
chl,2006,173008930.05438
chl,2007,184760871.76722
chl,2008,187813195.77398
chl,2009,185980474.17823
chl,2010,241315019.30241
chl,2011,279791082.01288
chl,2012,295611423.79908
chl,2013,297186432.22739
chl,2014,276752696.66308
chl,2015,255531593.25106
chl,2016,259428344.0357
chn,1990,4714445373.59953
chn,1991,4802903726.25985
chn,1992,4853865315.1622
chn,1993,4518560220.59711
chn,1994,5186081567.02574
chn,1995,6615867106.32246
chn,1996,7518252186.82924
chn,1997,8252693884.85248
chn,1998,8781244777.48693
chn,1999,9144667947.95404
chn,2000,9526097685.58925
chn,2001,9954400077.40488
chn,2002,10278728397.3774
chn,2003,10920486892.0028
chn,2004,12028708482.4914
chn,2005,13181797903.1592
chn,2006,14616773265.608
chn,2007,17525829745.9841
chn,2008,21909469693.546
chn,2009,23793091508.2093
chn,2010,27308451200.8842
chn,2011,33271802796.844
chn,2012,37584962363.1004
chn,2013,41872141461.8714
chn,2014,44997047135.3174
chn,2015,46818413561.7656
chn,2016,46343421930.94521
civ,1990,354532112.70522
civ,1991,359158230.10309
civ,1992,388088009.14054
civ,1993,384272057.34489
civ,1994,275977453.42499
civ,1995,324278464.96768
civ,1996,313753929.35893
civ,1997,274752013.92892
civ,1998,267516444.27158
civ,1999,260580784.09147
civ,2000,232777746.86205
civ,2001,237173725.79325
civ,2002,260190431.66618
civ,2003,314992493.18132
civ,2004,321085567.52435
civ,2005,315022322.87177
civ,2006,324752854.70681
civ,2007,362346997.4217
civ,2008,422462177.95224
civ,2009,413915116.35279
civ,2010,416339909.86675
civ,2011,452306623.7316
civ,2012,448017032.23958
civ,2013,495868816.72615
civ,2014,541229223.17506
civ,2015,494857380.26257
civ,2016,543494211.73998
cmr,1990,358679402.5313
cmr,1991,404725247.96676
cmr,1992,372929948.0241
cmr,1993,535068266.96094
cmr,1994,352327281.02201
cmr,1995,289111863.0444
cmr,1996,288030844.38641
cmr,1997,275237126.01369
cmr,1998,257774367.54862
cmr,1999,262773499.62443
cmr,2000,234196769.73386
cmr,2001,229829545.23779
cmr,2002,244683691.17817
cmr,2003,293047838.62074
cmr,2004,330884760.29211
cmr,2005,334327398.3749
cmr,2006,355020272.46658
cmr,2007,399620232.1314
cmr,2008,467930336.65647
cmr,2009,459031021.78024
cmr,2010,456266066.43641
cmr,2011,499103198.56262
cmr,2012,483068320.6152
cmr,2013,519386683.21704
cmr,2014,543075279.18886
cmr,2015,468250360.1101
cmr,2016,480356775.67652
cod,1990,329257837.71737
cod,1991,336342307.7452
cod,1992,326515985.35109
cod,1993,470657648.03995
cod,1994,254706265.84927
cod,1995,221203319.66103
cod,1996,202534294.36909
cod,1997,215157601.88933
cod,1998,213779748.34542
cod,1999,165263842.55754
cod,2000,687156203.36132
cod,2001,255094151.41323
cod,2002,275739196.53425
cod,2003,252951566.04821
cod,2004,266016451.3761
cod,2005,287101807.3185
cod,2006,325967622.63941
cod,2007,353618738.42347
cod,2008,400216786.55493
cod,2009,379195668.06195
cod,2010,411198356.26338
cod,2011,474177473.40366
cod,2012,537842447.17228
cod,2013,626831882.87427
cod,2014,672308460.76465
cod,2015,709644892.33646
cod,2016,674331364.38308
cog,1990,91484844.5286
cog,1991,88616321.55758
cog,1992,88952913.84293
cog,1993,55065668.70996
cog,1994,52351721.16677
cog,1995,55941198.13488
cog,1996,58078844.56414
cog,1997,46864272.165
cog,1998,39385295.3653
cog,1999,49051932.15781
cog,2000,63592047.57532
cog,2001,52557640.56216
cog,2002,53753721.74337
cog,2003,59953157.49809
cog,2004,75194280.9668
cog,2005,88854476.97362
cog,2006,105932222.8058
cog,2007,114085823.01804
cog,2008,151174406.82638
cog,2009,115908196.09788
cog,2010,134528469.87514
cog,2011,158936601.51278
cog,2012,147690556.56983
cog,2013,148239992.72527
cog,2014,138485589.70784
cog,2015,79596359.87449
cog,2016,72053694.30213
col,1990,214962706.70961
col,1991,214129348.49617
col,1992,242767438.25912
col,1993,265111172.83137
col,1994,369218739.84938
col,1995,398960131.88387
col,1996,410457706.20762
col,1997,432741496.76844
col,1998,393602953.8987
col,1999,344282861.20372
col,2000,362132568.54291
col,2001,330367101.79348
col,2002,304246861.82158
col,2003,266555982.26144
col,2004,296489360.35051
col,2005,336456696.91558
col,2006,345940997.88635
col,2007,406948206.6073
col,2008,477619437.70782
col,2009,473866588.27442
col,2010,537999553.23099
col,2011,583618944.72286
col,2012,604956164.07283
col,2013,585189087.58558
col,2014,551178150.57194
col,2015,406383683.48517
col,2016,379959894.22352
com,1990,13278635.87931
com,1991,13293174.34876
com,1992,13190836.57569
com,1993,12600306.3637
com,1994,9073742.02751
com,1995,10551084.10479
com,1996,10134263.3777
com,1997,8666271.89267
com,1998,8289302.4797
com,1999,8313121.59265
com,2000,6788185.42574
com,2001,7209712.75982
com,2002,7839458.75822
com,2003,9744499.88899
com,2004,10851911.17596
com,2005,10467327.88332
com,2006,10649839.37219
com,2007,11471167.97443
com,2008,12478406.86782
com,2009,11757576.6559
com,2010,11268371.11399
com,2011,11701840.01876
com,2012,10800801.91028
com,2013,11038847.42885
com,2014,11007996.98711
com,2015,9243512.18111
com,2016,9476545.8486
cpv,1990,4417704.39513
cpv,1991,4584127.27069
cpv,1992,4792314.08132
cpv,1993,6307937.87745
cpv,1994,4676114.16829
cpv,1995,5344672.63451
cpv,1996,5306700.08591
cpv,1997,4981174.9025
cpv,1998,5056528.13381
cpv,1999,5465915.93911
cpv,2000,4614663.73431
cpv,2001,4804383.13421
cpv,2002,5056746.16576
cpv,2003,6270480.2846
cpv,2004,6316061.3634
cpv,2005,5988235.45097
cpv,2006,6413664.78441
cpv,2007,7647478.95165
cpv,2008,8616307.52378
cpv,2009,8316002.1459
cpv,2010,7954773.73797
cpv,2011,8808568.15732
cpv,2012,8328362.97589
cpv,2013,8720559.40828
cpv,2014,8759028.57593
cpv,2015,7336862.19999
cpv,2016,7280737.43602
cri,1990,24251012.9275
cri,1991,21310572.87852
cri,1992,22211141.71772
cri,1993,23489132.24224
cri,1994,25259196.47645
cri,1995,27678871.10285
cri,1996,26221922.8321
cri,1997,28191914.4922
cri,1998,28440985.55322
cri,1999,27912060.55329
cri,2000,26287595.46596
cri,2001,26421927.27749
cri,2002,25457046.14246
cri,2003,24373455.89101
cri,2004,25333057.50771
cri,2005,26155163.35207
cri,2006,26891942.64541
cri,2007,29610395.36768
cri,2008,31979438.6907
cri,2009,30542346.49471
cri,2010,36199627.01695
cri,2011,43248070.16896
cri,2012,47528158.63437
cri,2013,53529549.77714
cri,2014,54967351.08341
cri,2015,59242022.09834
cri,2016,62114078.02026
cub,1990,76366479.65541
cub,1991,68104016.00913
cub,1992,65658064.65207
cub,1993,72715974.53549
cub,1994,87838227.27172
cub,1995,84370166.05909
cub,1996,60285831.68047
cub,1997,57793427.49993
cub,1998,58942570.46514
cub,1999,61572851.14768
cub,2000,61846049.23763
cub,2001,60696837.82093
cub,2002,61207177.75426
cub,2003,60387748.86857
cub,2004,58414998.41636
cub,2005,58062600.05945
cub,2006,62591340.15576
cub,2007,64236938.7381
cub,2008,65974927.74474
cub,2009,68680976.31691
cub,2010,68855954.02159
cub,2011,75196902.54684
cub,2012,81174917.65199
cub,2013,86884117.03344
cub,2014,92824106.67786
cub,2015,99152897.76469
cyp,1990,6917556.89452
cyp,1991,7239239.19369
cyp,1992,7808482.86443
cyp,1993,7508515.41562
cyp,1994,7884683.20647
cyp,1995,9328539.95187
cyp,1996,9663254.63859
cyp,1997,9334645.1141
cyp,1998,9467580.51361
cyp,1999,9258908.48033
cyp,2000,9032673.48687
cyp,2001,9039176.64985
cyp,2002,9544000.53089
cyp,2003,12162010.22024
cyp,2004,13018382.41269
cyp,2005,13522602.43893
cyp,2006,13342743.11629
cyp,2007,15687009.21941
cyp,2008,18247651.87985
cyp,2009,16784278.66016
cyp,2010,16582424.49163
cyp,2011,16956025.62744
cyp,2012,15227342.66844
cyp,2013,14873743.32868
cyp,2014,13631338.77629
cyp,2015,11185056.01492
cyp,2016,10977312.7715
cze,1990,100130288.7875
cze,1991,74901406.28588
cze,1992,82422798.11274
cze,1993,91370046.88746
cze,1994,100192336.04575
cze,1995,112671203.27077
cze,1996,122171310.75381
cze,1997,111078491.01249
cze,1998,113578855.81564
cze,1999,102411847.12022
cze,2000,86275474.2467
cze,2001,90357989.35581
cze,2002,109658374.39304
cze,2003,129426440.25909
cze,2004,145130319.73907
cze,2005,160178011.94384
cze,2006,176323804.18209
cze,2007,211171354.56264
cze,2008,263323110.49005
cze,2009,241010064.51407
cze,2010,229622118.10904
cze,2011,239446547.66848
cze,2012,217694513.92258
cze,2013,219437498.09045
cze,2014,208600117.28221
cze,2015,174516413.01351
cze,2016,174311015.06556
deu,1990,2936786623.45807
deu,1991,2738930939.49178
deu,1992,2954459808.94616
deu,1993,2765703153.82102
deu,1994,2733457840.02143
deu,1995,2917246796.04438
deu,1996,2686414601.61526
deu,1997,2211038601.28197
deu,1998,2065921861.55862
deu,1999,1815193603.27208
deu,2000,1510955464.30058
deu,2001,1475017979.07429
deu,2002,1541822585.72276
deu,2003,1829673880.61764
deu,2004,2047184689.53051
deu,2005,2067724921.47664
deu,2006,2036294297.61934
deu,2007,2250856283.01495
deu,2008,2412189587.2351
deu,2009,2311030903.55421
deu,2010,2183696202.36238
deu,2011,2345754480.68296
deu,2012,2259013949.82944
deu,2013,2438449137.71577
deu,2014,2545663623.96587
deu,2015,2197923177.41698
deu,2016,2249369490.96627
dji,1990,15428864.41202
dji,1991,16669066.7474
dji,1992,17351664.77595
dji,1993,17374364.30231
dji,1994,17809653.96594
dji,1995,18130850.44106
dji,1996,17291610.8198
dji,1997,16402352.07292
dji,1998,16000794.35234
dji,1999,15263733.80314
dji,2000,14572454.08799
dji,2001,14080075.46969
dji,2002,13407031.15418
dji,2003,12897002.36712
dji,2004,12602812.19137
dji,2005,12465508.78297
dji,2006,12665406.08749
dji,2007,13121047.20074
dji,2008,14833365.44945
dji,2009,15022885.09501
dji,2010,15859775.16645
dji,2011,16713690.65422
dji,2012,17570862.35849
dji,2013,17715990.37265
dji,2014,17759266.55328
dji,2015,17676685.61962
dnk,1990,197751455.09935
dnk,1991,181562961.83393
dnk,1992,193648140.10454
dnk,1993,170148534.51758
dnk,1994,136528227.97742
dnk,1995,167008310.30039
dnk,1996,154505305.60241
dnk,1997,140309596.81025
dnk,1998,137806608.26533
dnk,1999,117504527.44459
dnk,2000,102867855.83388
dnk,2001,112500992.04379
dnk,2002,125630986.03808
dnk,2003,153756477.30202
dnk,2004,173766069.06733
dnk,2005,170781638.47739
dnk,2006,171885261.04208
dnk,2007,186060221.48953
dnk,2008,201611260.04075
dnk,2009,186447679.46847
dnk,2010,180538427.3134
dnk,2011,191052872.36201
dnk,2012,182288382.53848
dnk,2013,183896876.7963
dnk,2014,189070599.31124
dnk,2015,158552741.37985
dnk,2016,158648035.4088
dom,1990,58631555.88956
dom,1991,77374036.92984
dom,1992,78930576.44952
dom,1993,82662053.7968
dom,1994,89707608.48409
dom,1995,94664765.36395
dom,1996,100524474.13396
dom,1997,103108540.26751
dom,1998,105980066.31519
dom,1999,102888919.18379
dom,2000,109021550.15054
dom,2001,112800919.5726
dom,2002,115365511.79772
dom,2003,92977370.55705
dom,2004,94098853.11071
dom,2005,132082837.54748
dom,2006,130997431.32523
dom,2007,152323097.77994
dom,2008,166846240.3759
dom,2009,171332831.90333
dom,2010,182372626.3601
dom,2011,195289658.59473
dom,2012,203563474.90203
dom,2013,202298264.55721
dom,2014,202196416.36095
dom,2015,203454787.69804
dom,2016,207357359.31427
dza,1990,413631734.3297
dza,1991,272722169.20153
dza,1992,260551276.30478
dza,1993,258553358.2785
dza,1994,207159785.60861
dza,1995,177476583.39091
dza,1996,184119603.96212
dza,1997,179725100.9621
dza,1998,167773265.89973
dza,1999,160091979.51491
dza,2000,168910284.52757
dza,2001,155987506.24073
dza,2002,144950866.38556
dza,2003,150445912.65274
dza,2004,168110760.01331
dza,2005,174722531.19765
dza,2006,180238863.01354
dza,2007,192119552.06054
dza,2008,225488158.65805
dza,2009,173862031.60199
dza,2010,198045139.15502
dza,2011,239339123.69837
dza,2012,242037531.5901
dza,2013,249341239.11039
dza,2014,248225458.62962
dza,2015,190954738.61905
dza,2016,184329300.58938
ecu,1990,96454636.20785
ecu,1991,101110486.66775
ecu,1992,103478415.45954
ecu,1993,102799090.9746
ecu,1994,114458120.82329
ecu,1995,116022862.81109
ecu,1996,114022663.11212
ecu,1997,117185135.46788
ecu,1998,108716577.08119
ecu,1999,76227894.05548
ecu,2000,65300903.11648
ecu,2001,79468415.2684
ecu,2002,84582997.96447
ecu,2003,88799074.08105
ecu,2004,89309268.78668
ecu,2005,95284600.42904
ecu,2006,99467140.11167
ecu,2007,102459558.94497
ecu,2008,111586901.31978
ecu,2009,109516686.54052
ecu,2010,110641961.74346
ecu,2011,119157758.96416
ecu,2012,126869673.72493
ecu,2013,131250607.09216
ecu,2014,134769241.01263
ecu,2015,130355812.95198
ecu,2016,127374866.56123
egy,1990,745303907.82448
egy,1991,625315473.16981
egy,1992,642532085.33562
egy,1993,666470571.34357
egy,1994,700630894.71205
egy,1995,764632463.53454
egy,1996,800632924.54867
egy,1997,865448846.29399
egy,1998,880564575.84492
egy,1999,888760151.35601
egy,2000,876576031.86517
egy,2001,800131316.02053
egy,2002,692073406.94761
egy,2003,650809136.91437
egy,2004,596853297.46967
egy,2005,644846799.37016
egy,2006,722809761.95011
egy,2007,804821648.34741
egy,2008,928466158.65767
egy,2009,1055078632.72459
egy,2010,1218357400.77853
egy,2011,1334918411.99229
egy,2012,1666346302.56915
egy,2013,1781011360.68866
egy,2014,1933173709.87408
egy,2015,2091402480.22741
egy,2016,2024215873.87439
eri,1992,16278881.47276
eri,1993,14614581.14566
eri,1994,14413581.01072
eri,1995,15720059.74797
eri,1996,17506590.74959
eri,1997,17303664.48815
eri,1998,19479551.47538
eri,1999,16206134.07331
eri,2000,19000960.71268
eri,2001,18940481.00876
eri,2002,17661811.95856
eri,2003,20932752.62309
eri,2004,25386445.11912
eri,2005,23618045.75647
eri,2006,24679274.70597
eri,2007,24863624.18201
eri,2008,27067479.18585
eri,2009,33255935.09707
eri,2010,35286780.73302
eri,2011,39701921.65791
esp,1990,694884332.17242
esp,1991,702826525.5861
esp,1992,725996596.56363
esp,1993,585193421.27915
esp,1994,549681211.32822
esp,1995,599751709.33173
esp,1996,609568132.43229
esp,1997,532643610.37207
esp,1998,528678637.0282
esp,1999,507865817.42628
esp,2000,452136617.44779
esp,2001,449975725.37797
esp,2002,486638345.41755
esp,2003,606618559.51145
esp,2004,684789928.36365
esp,2005,722801588.57436
esp,2006,741801475.21286
esp,2007,806930554.90588
esp,2008,868270149.80183
esp,2009,793247938.04257
esp,2010,729459648.43146
esp,2011,761273539.805
esp,2012,701367994.22286
esp,2013,704209272.33547
esp,2014,681980724.86343
esp,2015,565884396.37223
esp,2016,560134058.18953
est,1995,22220376.38801
est,1996,21403680.57496
est,1997,19196082.17261
est,1998,19669973.47572
est,1999,19304452.81675
est,2000,14772988.54935
est,2001,17567481.82721
est,2002,17731609.65398
est,2003,23687237.37788
est,2004,28475075.40087
est,2005,27371813.70432
est,2006,31636268.87182
est,2007,36964700.48973
est,2008,42354719.98369
est,2009,36601375.84748
est,2010,30326726.34323
est,2011,32266709.70415
est,2012,28691792.74892
est,2013,30263341.46483
est,2014,28988641.41126
est,2015,22858423.19543
est,2016,21596730.57153
eth,1990,471017733.20516
eth,1991,555240677.5856
eth,1992,462077363.91511
eth,1993,350509515.85812
eth,1994,251646437.41283
eth,1995,242190160.76255
eth,1996,228395621.40787
eth,1997,217368468.58913
eth,1998,192264918.41449
eth,1999,184608712.05759
eth,2000,188986836.07059
eth,2001,181600052.9333
eth,2002,171371053.71726
eth,2003,187842412.17444
eth,2004,191166139.48621
eth,2005,206493037.19138
eth,2006,220846065.05606
eth,2007,250369794.74063
eth,2008,320904184.42556
eth,2009,365999852.75237
eth,2010,310851213.73421
eth,2011,320614982.4501
eth,2012,423642698.16424
eth,2013,442528245.17422
eth,2014,487453848.526
eth,2015,532574926.04396
eth,2016,561793400.24944
fin,1990,143510766.29543
fin,1991,126580111.61672
fin,1992,103886563.39812
fin,1993,76149770.57004
fin,1994,78503901.84768
fin,1995,91441960.11076
fin,1996,83433548.01676
fin,1997,74266063.85488
fin,1998,71093274.81797
fin,1999,70155087.25109
fin,2000,62043974.48852
fin,2001,61866743.21886
fin,2002,65959516.93043
fin,2003,82150456.77651
fin,2004,88839164.44992
fin,2005,87889970.6702
fin,2006,92622184.81667
fin,2007,108637690.69256
fin,2008,122213464.23707
fin,2009,109302524.01312
fin,2010,105519225.29335
fin,2011,112356189.83565
fin,2012,105069089.15831
fin,2013,103568309.47027
fin,2014,97206870.98622
fin,2015,76714993.56083
fin,2016,70988324.45419
fji,1990,20143935.32446
fji,1991,20804764.42497
fji,1992,21501417.46008
fji,1993,22270941.59938
fji,1994,23591806.78122
fji,1995,24332180.97852
fji,1996,24723271.82727
fji,1997,24082997.28865
fji,1998,18494250.2741
fji,1999,19477191.64848
fji,2000,16891312.57443
fji,2001,15442642.75429
fji,2002,15805271.13584
fji,2003,18309650.32858
fji,2004,19043427.36319
fji,2005,19345715.43541
fji,2006,18528151.50577
fji,2007,19247574.31262
fji,2008,18815130.79825
fji,2009,14776742.80075
fji,2010,14858182.97325
fji,2011,17080076.40109
fji,2012,17355923.51591
fji,2013,17252913.25129
fji,2014,17447233.49801
fji,2015,16603271.37629
fji,2016,17885648.73851
fra,1990,837221348.54643
fra,1991,813712654.87734
fra,1992,879294067.17858
fra,1993,816762265.06486
fra,1994,816880702.01665
fra,1995,900733829.90838
fra,1996,907964516.17655
fra,1997,793878913.46909
fra,1998,792960255.2789
fra,1999,752570599.01966
fra,2000,664161117.53067
fra,2001,658109764.77885
fra,2002,724084937.54811
fra,2003,896967662.463
fra,2004,999581641.37874
fra,2005,999925932.31943
fra,2006,1014179097.51498
fra,2007,1145386957.42287
fra,2008,1255539566.8384
fra,2009,1195868355.86335
fra,2010,1157769279.59911
fra,2011,1246206673.37135
fra,2012,1205479720.03559
fra,2013,1245584237.6388
fra,2014,1249652055.94988
fra,2015,1044424587.19884
fra,2016,1030833680.78404
gab,1990,86203448.75639
gab,1991,70971451.43956
gab,1992,71767101.47509
gab,1993,51749419.76863
gab,1994,45903645.52374
gab,1995,48853679.39444
gab,1996,51340172.9786
gab,1997,44786570.07889
gab,1998,35280907.10344
gab,1999,38129876.43089
gab,2000,39215370.75364
gab,2001,35643200.54491
gab,2002,35513862.68926
gab,2003,40402018.41028
gab,2004,45559132.35242
gab,2005,52222125.09619
gab,2006,52988514.01953
gab,2007,53949261.28429
gab,2008,60865356.23716
gab,2009,42287881.08613
gab,2010,43896736.05665
gab,2011,53312945.61182
gab,2012,48797576.68426
gab,2013,48387054.15969
gab,2014,48645362.98362
gab,2015,36416867.60705
gab,2016,34495007.84556
gbr,1990,2120604157.53534
gbr,1991,2133279978.37168
gbr,1992,2108280821.96352
gbr,1993,1693767491.5875
gbr,1994,1680156772.00885
gbr,1995,1839812323.85343
gbr,1996,1788634638.6008
gbr,1997,1825257245.61158
gbr,1998,1788766224.93538
gbr,1999,1734296960.85691
gbr,2000,1619216404.74441
gbr,2001,1535809352.15425
gbr,2002,1659208984.20547
gbr,2003,1928284823.87781
gbr,2004,2168322488.95409
gbr,2005,2165950819.49372
gbr,2006,2284484846.20072
gbr,2007,2548597799.69087
gbr,2008,2428246674.1125
gbr,2009,2015183112.38275
gbr,2010,1986653467.98709
gbr,2011,2100660227.92509
gbr,2012,2085022527.34754
gbr,2013,2115757176.7318
gbr,2014,2252465759.37735
gbr,2015,2084978774.10431
gbr,2016,1872454681.13841
geo,1990,120897282.58623
geo,1991,108804915.92459
geo,1992,96492134.95453
geo,1993,84601470.78344
geo,1994,75697476.96053
geo,1995,55514276.21584
geo,1996,43585954.68352
geo,1997,40803667.6826
geo,1998,41961758.81012
geo,1999,31812174.19822
geo,2000,35614670.07508
geo,2001,36250764.1502
geo,2002,34344293.12755
geo,2003,33126284.35707
geo,2004,37228206.43189
geo,2005,38864546.602
geo,2006,39713709.69311
geo,2007,46308645.69375
geo,2008,62019937.0054
geo,2009,62876394.23412
geo,2010,71266837.48169
geo,2011,92406825.9958
geo,2012,107618535.04197
geo,2013,116303598.96582
geo,2014,116910584.76375
geo,2015,100155398.95091
geo,2016,100998533.78283
gha,1990,147585129.24042
gha,1991,159272334.62831
gha,1992,140439566.74838
gha,1993,117335779.42145
gha,1994,101651345.72944
gha,1995,111417139.09512
gha,1996,108672111.7173
gha,1997,103122933.88269
gha,1998,112413534.22149
gha,1999,114416008.52324
gha,2000,72902570.83565
gha,2001,76552569.82997
gha,2002,87412061.43637
gha,2003,105061420.57032
gha,2004,117547620.39158
gha,2005,136597695.25126
gha,2006,248357406.74819
gha,2007,296860666.6805
gha,2008,324325372.05051
gha,2009,296274050.99555
gha,2010,353024321.60866
gha,2011,400939782.08613
gha,2012,413665718.61774
gha,2013,467889796.8653
gha,2014,378647811.45224
gha,2015,371543579.07146
gha,2016,421249105.88381
gin,1990,89086617.75444
gin,1991,99311796.15461
gin,1992,107030350.97167
gin,1993,104422814.92311
gin,1994,104933356.43107
gin,1995,108662476.96212
gin,1996,108670646.92888
gin,1997,98245379.95095
gin,1998,86980409.68762
gin,1999,78356291.1486
gin,2000,64209459.905
gin,2001,57189576.16685
gin,2002,56928158.33565
gin,2003,65845503.0882
gin,2004,68698371.00872
gin,2005,53765349.46482
gin,2006,78780563.10769
gin,2007,113545897.4281
gin,2008,125129753.52854
gin,2009,126654236.78338
gin,2010,126768714.66347
gin,2011,119637373.06428
gin,2012,122893812.91397
gin,2013,134105846.84406
gin,2014,131313337.67867
gin,2015,126433967.369
gin,2016,110782889.92839
gmb,1990,18598153.04782
gmb,1991,39229003.25897
gmb,1992,39000406.92307
gmb,1993,39536548.69496
gmb,1994,37699383.04096
gmb,1995,37705110.06991
gmb,1996,38478549.09564
gmb,1997,33657874.65881
gmb,1998,33020183.03611
gmb,1999,29890169.4111
gmb,2000,27366013.3511
gmb,2001,23826161.2935
gmb,2002,21132808.98321
gmb,2003,17063723.29566
gmb,2004,19151122.23944
gmb,2005,20620963.8099
gmb,2006,20391232.83316
gmb,2007,22792129.59536
gmb,2008,25194415.67258
gmb,2009,21571244.81487
gmb,2010,21397088.52593
gmb,2011,21713063.06423
gmb,2012,21452570.32915
gmb,2013,20708103.71399
gmb,2014,19184175.85903
gmb,2015,20281679.98385
gmb,2016,21333462.52826
gnb,1990,10477905.1803
gnb,1991,10697074.48066
gnb,1992,9317776.97815
gnb,1993,9553871.95738
gnb,1994,9100430.65079
gnb,1995,9411162.4213
gnb,1996,9211249.72508
gnb,1997,8851404.99291
gnb,1998,9033948.39577
gnb,1999,9500452.31456
gnb,2000,14602080.66481
gnb,2001,14263988.49997
gnb,2002,13999917.23314
gnb,2003,15649388.33884
gnb,2004,16575728.05321
gnb,2005,17164689.36266
gnb,2006,16390020.1784
gnb,2007,18385951.26606
gnb,2008,22205673.23056
gnb,2009,20703674.47488
gnb,2010,20588135.88495
gnb,2011,25107116.17785
gnb,2012,23118846.46862
gnb,2013,23720271.38697
gnb,2014,23543268.1225
gnb,2015,21850152.52753
gnb,2016,22975972.57553
gnq,1990,3398585.38307
gnq,1991,3302734.14185
gnq,1992,3279243.98714
gnq,1993,3234934.69505
gnq,1994,2232362.21966
gnq,1995,3029901.88018
gnq,1996,3552660.46454
gnq,1997,4217566.79676
gnq,1998,3871790.86298
gnq,1999,6471107.81162
gnq,2000,10738689.39604
gnq,2001,11817300.82569
gnq,2002,13901265.08824
gnq,2003,18147073.3271
gnq,2004,25469373.31091
gnq,2005,42200005.49464
gnq,2006,55922458.16187
gnq,2007,68677990.17671
gnq,2008,96848412.97948
gnq,2009,76188488.35098
gnq,2010,90242849.48195
gnq,2011,109304094.51824
gnq,2012,103579117.85895
gnq,2013,99120190.54048
gnq,2014,89941869.99692
gnq,2015,52797622.7492
gnq,2016,43644914.10379
grc,1990,161934022.51774
grc,1991,163728578.75554
grc,1992,180011498.85896
grc,1993,163782750.32102
grc,1994,173099558.40396
grc,1995,193906256.87306
grc,1996,197596348.6907
grc,1997,182092773.6078
grc,1998,170102802.00516
grc,1999,161937760.68421
grc,2000,144071283.53074
grc,2001,142318620.07814
grc,2002,157913062.58575
grc,2003,201889199.88592
grc,2004,221010772.87203
grc,2005,233566019.72055
grc,2006,255351638.84836
grc,2007,294932959.45572
grc,2008,338324563.95539
grc,2009,328785285.6753
grc,2010,312210615.05375
grc,2011,306248570.60091
grc,2012,257842688.72182
grc,2013,244897715.2895
grc,2014,227405599.54492
grc,2015,183085634.46027
grc,2016,176213704.85078
gtm,1990,223093319.83169
gtm,1991,264115070.63723
gtm,1992,281283137.64522
gtm,1993,298451105.78998
gtm,1994,328898981.54635
gtm,1995,356791009.68645
gtm,1996,378608217.1845
gtm,1997,416453286.15588
gtm,1998,435654407.05479
gtm,1999,399258764.21488
gtm,2000,408335043.60997
gtm,2001,370344260.47682
gtm,2002,378955883.36051
gtm,2003,370846036.64913
gtm,2004,370334352.74756
gtm,2005,382463566.53259
gtm,2006,377041543.75937
gtm,2007,373260582.13122
gtm,2008,386320886.3337
gtm,2009,345249032.31234
gtm,2010,345724779.21281
gtm,2011,373260853.48728
gtm,2012,377524823.14241
gtm,2013,362305017.7679
gtm,2014,368663963.23177
gtm,2015,371137552.29847
gtm,2016,371809431.14417
gum,2002,6301535.76618
gum,2003,6796873.19884
gum,2004,7278578.4531
gum,2005,7193256.6257
gum,2006,7688034.65329
gum,2007,8829942.77344
gum,2008,9450725.31083
gum,2009,10193580.11848
gum,2010,10856781.87284
gum,2011,11918500.17353
gum,2012,12903403.34051
gum,2013,13643085.61097
gum,2014,14269915.4384
gum,2015,15020670.54906
gum,2016,15295585.30497
guy,1990,3690890.72786
guy,1991,2832248.45145
guy,1992,2827249.16424
guy,1993,3122925.22596
guy,1994,3533944.22395
guy,1995,3907516.12498
guy,1996,4199566.21398
guy,1997,4356817.78829
guy,1998,4365504.8982
guy,1999,4114870.92694
guy,2000,4211797.75074
guy,2001,3992829.61985
guy,2002,3976559.79657
guy,2003,3983428.91604
guy,2004,3933297.42471
guy,2005,4071710.66664
guy,2006,6733062.3684
guy,2007,7344101.37804
guy,2008,7925475.31514
guy,2009,8298934.6987
guy,2010,8977347.76426
guy,2011,9868299.19836
guy,2012,10692031.96778
guy,2013,10960253.02887
guy,2014,11151513.52102
guy,2015,11605084.71473
guy,2016,12773302.61817
hnd,1990,50402636.15178
hnd,1991,47635013.74267
hnd,1992,49611484.27891
hnd,1993,47219636.75838
hnd,1994,46229906.97337
hnd,1995,49251070.30764
hnd,1996,47936892.46176
hnd,1997,51397012.17172
hnd,1998,51057622.26766
hnd,1999,55237100.99761
hnd,2000,65773987.16279
hnd,2001,67147576.72309
hnd,2002,65753360.68645
hnd,2003,66132811.18162
hnd,2004,68636914.32183
hnd,2005,75094732.20288
hnd,2006,81595809.50789
hnd,2007,89239211.36041
hnd,2008,97888761.2594
hnd,2009,106024066.57695
hnd,2010,107147791.07767
hnd,2011,115362533.18537
hnd,2012,115201760.89941
hnd,2013,111452809.11622
hnd,2014,115892471.47226
hnd,2015,118800166.33065
hnd,2016,118641984.71511
hrv,1995,77779229.20022
hrv,1996,73991252.92575
hrv,1997,70100353.85362
hrv,1998,71220343.801
hrv,1999,66010125.88301
hrv,2000,58228457.37277
hrv,2001,54645676.91244
hrv,2002,63488247.83099
hrv,2003,82457735.60152
hrv,2004,97247877.01398
hrv,2005,99853587.7984
hrv,2006,102985241.01267
hrv,2007,111697160.22455
hrv,2008,124670455.40903
hrv,2009,123537962.83961
hrv,2010,115547276.98792
hrv,2011,117581377.50455
hrv,2012,108249091.9956
hrv,2013,105521612.19782
hrv,2014,98611584.28635
hrv,2015,81871730.13631
hrv,2016,81385101.86624
hti,1991,179015216.86987
hti,1992,147496325.45653
hti,1993,128812155.36206
hti,1994,122254881.0757
hti,1995,122949923.78917
hti,1996,89922701.50323
hti,1997,106435608.72081
hti,1998,126524460.80706
hti,1999,144201832.59075
hti,2000,138118646.90035
hti,2001,125576149.69861
hti,2002,119374356.79121
hti,2003,97500609.42335
hti,2004,115174211.34876
hti,2005,134459775.05688
hti,2006,138678253.98478
hti,2007,159679039.69948
hti,2008,171797411.37075
hti,2009,165829137.61039
hti,2010,107941731.81855
hti,2011,183569942.56522
hti,2012,185555297.16852
hti,2013,190364870.49071
hti,2014,191276651.924
hti,2015,189858133.9373
hti,2016,169758808.90431
hun,1991,176791971.687
hun,1992,222153388.50491
hun,1993,205070639.84219
hun,1994,195868882.28284
hun,1995,197195233.44357
hun,1996,179103141.04734
hun,1997,164645972.78787
hun,1998,151669439.26946
hun,1999,143948339.69934
hun,2000,130588343.75177
hun,2001,140212326.18201
hun,2002,171200439.1353
hun,2003,216584522.01066
hun,2004,260867671.92424
hun,2005,276682918.13645
hun,2006,274723969.15305
hun,2007,332363222.88212
hun,2008,359425227.69017
hun,2009,313340056.94536
hun,2010,295588556.4848
hun,2011,314857647.43725
hun,2012,291257751.10215
hun,2013,301754251.72771
hun,2014,306589225.81937
hun,2015,258508441.54112
hun,2016,255867841.33599
idn,1990,1309097106.03147
idn,1991,1349099842.25042
idn,1992,1394156154.23934
idn,1993,1632848566.85422
idn,1994,1718648215.97679
idn,1995,1853245894.91132
idn,1996,1989307945.71641
idn,1997,1807049196.62382
idn,1998,901254352.44481
idn,1999,1272112185.65216
idn,2000,1380414355.70404
idn,2001,1287132176.54043
idn,2002,1498149443.66042
idn,2003,1781374349.23816
idn,2004,1910709069.66829
idn,2005,2145842257.03085
idn,2006,2670038967.61494
idn,2007,3021575093.42819
idn,2008,3415294275.424
idn,2009,3553857131.96488
idn,2010,4503291909.86885
idn,2011,5106409021.59143
idn,2012,5008053781.6599
idn,2013,4749054966.91652
idn,2014,4415660048.66074
idn,2015,4051365431.36681
idn,2016,4103504207.38592
ind,1990,10206692778.166
ind,1991,8368111150.19839
ind,1992,8406649217.91637
ind,1993,7757674027.49791
ind,1994,8499167848.89485
ind,1995,8699753349.55773
ind,1996,8947421178.47424
ind,1997,9254105405.67171
ind,1998,8981810994.26419
ind,1999,9207562424.6902
ind,2000,9221456245.82363
ind,2001,9256505397.76214
ind,2002,9471255687.91529
ind,2003,10389957792.3071
ind,2004,11100235012.7064
ind,2005,11696739425.275
ind,2006,12240127449.3841
ind,2007,14930529811.0811
ind,2008,14807224438.0619
ind,2009,16239640886.0561
ind,2010,19734640382.0794
ind,2011,21684448985.5695
ind,2012,21740236560.844
ind,2013,21538643570.3284
ind,2014,22733082090.2197
ind,2015,22352551307.0486
ind,2016,23415272633.4112
irl,1990,85284742.81582
irl,1991,82142312.68121
irl,1992,87945086.29684
irl,1993,75274754.28032
irl,1994,75461981.66504
irl,1995,81238526.38874
irl,1996,82523890.41924
irl,1997,80329974.62483
irl,1998,80242646.12634
irl,1999,81243181.21119
irl,2000,75035446.56908
irl,2001,75779725.17206
irl,2002,82039615.49175
irl,2003,95893957.63586
irl,2004,101012598.57793
irl,2005,102214966.61738
irl,2006,107757476.56969
irl,2007,128396449.83102
irl,2008,139795057.87681
irl,2009,121349934.97267
irl,2010,108628325.7819
irl,2011,113702978.6631
irl,2012,107994107.83277
irl,2013,117775904.93721
irl,2014,120943033.44298
irl,2015,116135980.49918
irl,2016,124435117.40201
irn,1990,905751339.89924
irn,1993,375398777.53576
irn,1994,412040191.20542
irn,1995,545173425.72746
irn,1996,629114075.27922
irn,1997,580644619.85127
irn,1998,557197040.00293
irn,1999,558018191.8089
irn,2000,490616844.50942
irn,2001,529332827.94408
irn,2002,469584640.28747
irn,2003,473447733.4112
irn,2004,538858129.4889
irn,2005,594562082.48092
irn,2006,637118856.94202
irn,2007,742210200.95657
irn,2008,820253283.22862
irn,2009,859848774.13546
irn,2010,984712376.4941
irn,2011,1163090019.69291
irn,2012,1289161435.79007
irn,2013,1013837809.99072
irn,2014,858371925.83312
irn,2015,725649195.77542
irn,2016,688285956.75745
irq,1990,1310601738.41723
irq,2004,298994104.64648
irq,2005,360450526.40854
irq,2006,429632488.69771
irq,2007,595439472.48963
irq,2008,874981066.59014
irq,2009,776189832.34257
irq,2010,1003926095.04529
irq,2011,1323888857.68666
irq,2012,1460246829.39081
irq,2013,1532076506.22667
irq,2014,1508330132.29934
irq,2015,1108092319.67502
irq,2016,958595014.18143
isl,1990,8719515.36781
isl,1991,9339363.47806
isl,1992,9920409.90412
isl,1993,7334945.45966
isl,1994,6822372.50128
isl,1995,7592640.65408
isl,1996,7098618.59249
isl,1997,6807065.27684
isl,1998,7425029.09889
isl,1999,7299882.58902
isl,2000,7130000.7251
isl,2001,6166324.27338
isl,2002,6989812.51462
isl,2003,7564832.17472
isl,2004,8639306.41557
isl,2005,9707013.92981
isl,2006,9881489.44375
isl,2007,11179269.30599
isl,2008,9465961.50299
isl,2009,7387392.39337
isl,2010,8023223.62799
isl,2011,8350844.12751
isl,2012,7604032.41891
isl,2013,8124021.08719
isl,2014,8665976.31915
isl,2015,8122569.04183
isl,2016,9112370.46546
isr,1990,122782881.16537
isr,1991,125920695.31566
isr,1992,127512167.76561
isr,1993,122581031.5146
isr,1994,123349860.13748
isr,1995,129877540.46955
isr,1996,130141850.90502
isr,1997,123764571.4782
isr,1998,118172482.84205
isr,1999,113828238.39774
isr,2000,117135059.83248
isr,2001,118564571.04044
isr,2002,109781465.64006
isr,2003,110888350.27767
isr,2004,112986020.93288
isr,2005,110633234.34984
isr,2006,115706662.89158
isr,2007,127104590.64675
isr,2008,150923460.21579
isr,2009,144298516.11408
isr,2010,156990367.86935
isr,2011,175453323.12014
isr,2012,177253698.95407
isr,2013,200307188.078
isr,2014,207499119.69851
isr,2015,198268442.88876
isr,2016,205064942.4502
ita,1990,1543617896.7918
ita,1991,1578520060.99282
ita,1992,1523383499.72685
ita,1993,1170807089.56868
ita,1994,1101053817.92783
ita,1995,1061474730.69446
ita,1996,1137377844.29688
ita,1997,1032759674.97137
ita,1998,972921601.47908
ita,1999,909066430.89897
ita,2000,767871291.00197
ita,2001,741827119.08695
ita,2002,790708243.58357
ita,2003,946973120.07409
ita,2004,1026683778.85557
ita,2005,977747475.14638
ita,2006,1001000184.9958
ita,2007,1110180557.12873
ita,2008,1222233016.87514
ita,2009,1157309229.99459
ita,2010,1094928758.57962
ita,2011,1174165719.51318
ita,2012,1137804696.16373
ita,2013,1219193034.53461
ita,2014,1277637181.73266
ita,2015,1079728957.61546
ita,2016,1086243608.21683
jam,1990,19709836.16449
jam,1991,16108071.25347
jam,1992,13340294.78344
jam,1993,16390513.23125
jam,1994,15912025.03165
jam,1995,18047517.80053
jam,1996,20602165.14886
jam,1997,24053189.55731
jam,1998,28639114.33368
jam,1999,28337220.5909
jam,2000,28039601.03225
jam,2001,27197804.6086
jam,2002,27356681.14646
jam,2003,24775852.15771
jam,2004,25060070.01173
jam,2005,26763813.79823
jam,2006,26994903.69525
jam,2007,28287907.98239
jam,2008,30081834.60373
jam,2009,27063460.38483
jam,2010,28607384.97228
jam,2011,29708755.09464
jam,2012,31500079.56726
jam,2013,30242175.8349
jam,2014,29081472.26915
jam,2015,29533970.8259
jam,2016,28895013.37654
jor,1990,20455807.12825
jor,1991,21587378.47112
jor,1992,22120128.18594
jor,1993,23294100.11115
jor,1994,25062245.84707
jor,1995,25162730.44224
jor,1996,25364678.02855
jor,1997,25149861.64301
jor,1998,25649600.59312
jor,1999,24521907.93175
jor,2000,23626516.48416
jor,2001,22756894.41388
jor,2002,23160924.90923
jor,2003,23173325.32087
jor,2004,24546086.46048
jor,2005,26202603.22148
jor,2006,29959789.12433
jor,2007,33793070.73052
jor,2008,41583129.35534
jor,2009,46836226.15558
jor,2010,52241929.72638
jor,2011,56351555.83999
jor,2012,59671644.25224
jor,2013,57619740.0423
jor,2014,60002399.98488
jor,2015,62007506.61166
jor,2016,63127304.32292
jpn,1990,4215589658.49723
jpn,1991,4806168540.91361
jpn,1992,5231081890.4882
jpn,1993,5950785636.38785
jpn,1994,6471472461.68674
jpn,1995,7051645969.60238
jpn,1996,6103736046.77394
jpn,1997,5572692264.53886
jpn,1998,5139432176.45438
jpn,1999,5798516325.53247
jpn,2000,5901851313.72511
jpn,2001,5105263912.62566
jpn,2002,4757734273.32777
jpn,2003,4972064694.50095
jpn,2004,5177717219.18276
jpn,2005,5040350104.10223
jpn,2006,4626241593.44932
jpn,2007,4489054316.03531
jpn,2008,4964970070.62808
jpn,2009,5260041624.85507
jpn,2010,5273829652.27975
jpn,2011,5527729062.47741
jpn,2012,5417691268.71765
jpn,2013,4402638467.08048
jpn,2014,4145266523.93754
jpn,2015,3666641458.36886
jpn,2016,4023053235.07212
kaz,1990,180179345.14353
kaz,1991,180156057.12046
kaz,1992,198444072.65593
kaz,1993,203935551.46288
kaz,1994,200858589.33744
kaz,1995,196863495.56353
kaz,1996,189655086.97032
kaz,1997,180613945.60308
kaz,1998,171840159.39521
kaz,1999,127970866.47122
kaz,2000,126639974.69407
kaz,2001,136710644.43838
kaz,2002,138227012.06809
kaz,2003,157360031.99557
kaz,2004,203101385.28524
kaz,2005,258643133.25019
kaz,2006,341244148.76982
kaz,2007,418564638.74035
kaz,2008,509057576.64303
kaz,2009,415150692.69119
kaz,2010,473061865.60692
kaz,2011,570350193.30008
kaz,2012,563200914.10395
kaz,2013,604000682.08695
kaz,2014,543204877.71458
kaz,2015,440097135.02823
kaz,2016,315591220.99704
ken,1990,158454777.69561
ken,1991,145631860.88078
ken,1992,140009925.74652
ken,1993,92914244.48552
ken,1994,108224641.50668
ken,1995,127388412.59066
ken,1996,156323320.68728
ken,1997,166444357.01898
ken,1998,172371772.95669
ken,1999,153332839.94279
ken,2000,144775787.85031
ken,2001,140831637.15012
ken,2002,138513806.12278
ken,2003,149015555.92659
ken,2004,151583336.1758
ken,2005,169031179.61618
ken,2006,222849162.22333
ken,2007,269310381.83566
ken,2008,311223014.82559
ken,2009,319760481.49016
ken,2010,327292134.87746
ken,2011,327833387.45833
ken,2012,377342834.35925
ken,2013,390919551.17208
ken,2014,415790640.98909
ken,2015,409430003.12437
ken,2016,428488926.48962
kgz,1990,51655458.42303
kgz,1991,49731519.96735
kgz,1992,45008135.65137
kgz,1993,41553657.54596
kgz,1994,38558731.36315
kgz,1995,34958935.13162
kgz,1996,31824791.06693
kgz,1997,26946265.47328
kgz,1998,23966058.30805
kgz,1999,17451415.14623
kgz,2000,17225056.14885
kgz,2001,17394619.65605
kgz,2002,17989744.21342
kgz,2003,19020388.76976
kgz,2004,19199416.08124
kgz,2005,21368482.34266
kgz,2006,24998115.29909
kgz,2007,29620036.27339
kgz,2008,35050697.09909
kgz,2009,30287232.35968
kgz,2010,30906733.28727
kgz,2011,38044332.50847
kgz,2012,38646136.43327
kgz,2013,36745481.70417
kgz,2014,35672231.19777
kgz,2015,30643901.95719
kgz,2016,28715197.74994
khm,1993,59037858.48364
khm,1994,68804572.88002
khm,1995,81634695.70256
khm,1996,82149752.58756
khm,1997,76684933.52218
khm,1998,66687547.69572
khm,1999,66343698.1196
khm,2000,65099029.47576
khm,2001,66121601.53789
khm,2002,69557058.51089
khm,2003,75926415.2226
khm,2004,85919844.98067
khm,2005,98015556.03858
khm,2006,108560436.63811
khm,2007,128892049.29634
khm,2008,149545480.64165
khm,2009,146440367.66401
khm,2010,143022628.60018
khm,2011,148484244.72257
khm,2012,140711197.69694
khm,2013,139035660.5762
khm,2014,142147475.70142
khm,2015,146530149.735
khm,2016,157076792.70804
kor,1990,819646198.69875
kor,1991,872112295.92411
kor,1992,876588800.00877
kor,1993,876398234.33381
kor,1994,919275784.80192
kor,1995,1005657027.14556
kor,1996,1035471579.63934
kor,1997,943089065.08045
kor,1998,647405330.17031
kor,1999,749061352.89782
kor,2000,780934729.82968
kor,2001,712896591.32953
kor,2002,774837704.82486
kor,2003,822572431.69126
kor,2004,904976725.15897
kor,2005,1026439988.38895
kor,2006,1117951749.25715
kor,2007,1229949683.8958
kor,2008,1075327068.03095
kor,2009,965561285.21476
kor,2010,1092527802.11829
kor,2011,1215100481.03464
kor,2012,1271062241.80251
kor,2013,1387358526.58218
kor,2014,1512407526.42468
kor,2015,1499661765.43063
kor,2016,1542716294.58391
kwt,1990,20982122.51676
kwt,1991,17433976.35631
kwt,1992,1941868.84132
kwt,1993,1958920.24656
kwt,1994,2058283.72966
kwt,1995,23744415.17723
kwt,1996,32074706.0463
kwt,1997,33258847.50277
kwt,1998,28877504.74067
kwt,1999,34394184.08864
kwt,2000,40047354.02675
kwt,2001,36867086.2369
kwt,2002,39085456.0527
kwt,2003,43088661.44081
kwt,2004,51227078.21286
kwt,2005,69161218.98943
kwt,2006,90677442.18783
kwt,2008,138690715.23899
kwt,2011,170567927.84423
kwt,2012,189220889.61215
kwt,2013,194957825.39592
kwt,2014,185077054.71738
kwt,2015,129660805.60914
kwt,2016,115924928.31816
lao,1990,33082414.69818
lao,1991,39021123.75865
lao,1992,41823106.35456
lao,1993,47760093.62036
lao,1994,52643221.71257
lao,1995,58163960.56529
lao,1996,59729113.34841
lao,1997,53645831.14096
lao,1998,38656083.0039
lao,1999,41696283.62211
lao,2000,48264096.86501
lao,2001,47088423.25772
lao,2002,44797329.32462
lao,2003,49169135.9334
lao,2004,54715215.83401
lao,2005,58815734.29584
lao,2006,66560558.64621
lao,2007,75677159.31119
lao,2008,91603083.48739
lao,2009,93178777.72476
lao,2010,108100762.14687
lao,2011,128118830.13262
lao,2012,142363288.8864
lao,2013,157869644.66195
lao,2014,166380641.03242
lao,2015,171797215.10345
lao,2016,179736564.13157
lbn,1990,15781091.61289
lbn,1991,21266777.93029
lbn,1992,25124776.27576
lbn,1993,31105962.16386
lbn,1994,35531836.15755
lbn,1995,40530530.58358
lbn,1996,43396723.86081
lbn,1997,50292602.04613
lbn,1998,52008979.66245
lbn,1999,52125720.60449
lbn,2000,49338037.62539
lbn,2001,48085206.28359
lbn,2002,50700217.35092
lbn,2003,49853881.95195
lbn,2004,45867571.85065
lbn,2005,43410024.47118
lbn,2006,42419026.1243
lbn,2007,41876975.76221
lbn,2008,45588556.3926
lbn,2009,51952514.32221
lbn,2010,54994696.08426
lbn,2011,61606659.24891
lbn,2012,71139484.60912
lbn,2013,76948219.80882
lbn,2014,81655085.24304
lbn,2015,84410642.58606
lbn,2016,83663245.81794
lbr,1990,17101212.40463
lbr,1991,16749804.80807
lbr,1992,13630126.09873
lbr,1993,11699369.436
lbr,1994,10392385.88863
lbr,1995,8936983.99929
lbr,1996,6972185.61684
lbr,1997,6671715.03715
lbr,1998,7376123.23485
lbr,1999,9268547.98843
lbr,2000,10538442.87382
lbr,2001,12019684.91681
lbr,2002,12572952.32348
lbr,2003,12775125.61419
lbr,2004,13299681.1868
lbr,2005,12639835.12826
lbr,2006,11226983.01159
lbr,2007,11139352.51024
lbr,2008,11965329.65822
lbr,2009,15580964.40993
lbr,2010,16746595.9551
lbr,2011,19247274.83653
lbr,2012,21096491.54934
lbr,2013,23601517.13255
lbr,2014,24451541.03744
lbr,2015,27453088.8227
lbr,2016,29983347.86706
lby,1990,206908787.30577
lby,1991,210700039.41863
lby,1992,210053649.87588
lby,1993,205785238.31422
lby,1994,200793219.49916
lby,1995,186487271.49686
lby,1996,174503306.89952
lby,1997,166682560.01145
lby,1998,159976166.49871
lby,1999,175259047.40023
lby,2000,182721221.64169
lby,2001,164542010.9559
lby,2002,96901728.70476
lby,2003,111016666.03594
lby,2004,132736829.17159
lby,2005,171958209.91261
lby,2006,195322756.34144
lby,2007,238425445.86408
lby,2008,306243629.03449
lby,2009,229016511.94493
lby,2010,262623482.93885
lby,2011,270332584.89785
lca,1990,2852015.28534
lca,1991,2836498.80419
lca,1992,2767868.15029
lca,1993,2592460.06809
lca,1994,2488984.16324
lca,1995,2380281.0269
lca,1996,2220829.71028
lca,1997,2117892.79771
lca,1998,2044299.4008
lca,1999,1959088.05425
lca,2000,1828851.31709
lca,2001,1747012.90464
lca,2002,1660272.60519
lca,2003,1642042.23121
lca,2004,1585378.84335
lca,2005,1642215.09304
lca,2006,1671453.51798
lca,2007,1936843.71055
lca,2008,1791524.32239
lca,2009,1739316.17511
lca,2010,1878072.89861
lca,2011,1940236.81364
lca,2012,2014662.89719
lca,2013,2151502.09955
lca,2014,2300902.26901
lca,2015,2437954.64593
lca,2016,2482507.259
lka,1990,71155471.79685
lka,1991,74110472.78896
lka,1992,73307822.62035
lka,1993,80517345.72336
lka,1994,82460046.34485
lka,1995,90743218.65435
lka,1996,94557490.29252
lka,1997,100627635.83895
lka,1998,102485918.44999
lka,1999,107868365.65131
lka,2000,105208809.18333
lka,2001,102852444.21326
lka,2002,107042974.73025
lka,2003,123246239.57351
lka,2004,126441587.01662
lka,2005,158351188.05151
lka,2006,182698455.90062
lka,2007,205831849.47076
lka,2008,254517353.40947
lka,2009,263684283.40527
lka,2010,358982004.49788
lka,2011,400386889.7068
lka,2012,401070175.72509
lka,2013,435202697.50838
lka,2014,461876098.07025
lka,2015,460704594.66633
lka,2016,452045540.54949
lso,1990,13102851.26099
lso,1991,15306240.36006
lso,1992,17231653.17506
lso,1993,17354966.22143
lso,1994,17678565.21229
lso,1995,21613918.62198
lso,1996,22004393.53674
lso,1997,24987749.27239
lso,1998,24444575.63787
lso,1999,24709739.51414
lso,2000,22776921.82805
lso,2001,20393877.96521
lso,2002,18094509.37475
lso,2003,25121767.25828
lso,2004,32680933.50241
lso,2005,35700443.42597
lso,2006,35330484.3747
lso,2007,33718824.89215
lso,2008,32032076.30354
lso,2009,31639278.17883
lso,2010,38247352.15813
lso,2011,42243680.71066
lso,2012,38841587.4893
lso,2013,36176712.03726
lso,2014,36236601.86159
lso,2015,34066912.62189
lso,2016,30700309.17346
ltu,1995,26048727.96947
ltu,1996,25001032.27954
ltu,1997,26398443.29512
ltu,1998,26123380.35478
ltu,1999,24443189.03308
ltu,2000,23641647.74121
ltu,2001,24604169.77564
ltu,2002,29015966.64009
ltu,2003,39724609.61829
ltu,2004,44315213.06688
ltu,2005,51400905.17394
ltu,2006,60565203.53994
ltu,2007,79551857.94076
ltu,2008,97901841.83774
ltu,2009,87815312.82397
ltu,2010,79947384.70625
ltu,2011,87675472.81195
ltu,2012,81348641.41066
ltu,2013,81042361.7689
ltu,2014,80874585.68766
ltu,2015,65659803.45717
ltu,2016,63697734.96251
lux,1990,16552737.28634
lux,1991,14331479.28955
lux,1992,15848498.81759
lux,1993,15169525.60945
lux,1994,15236887.60862
lux,1995,18286424.64279
lux,1996,18027826.65234
lux,1997,15846716.96466
lux,1998,15182315.65409
lux,1999,14896103.05873
lux,2000,13559486.21252
lux,2001,12275613.80684
lux,2002,14663028.06934
lux,2003,17884422.44551
lux,2004,19128037.06313
lux,2005,19672801.03325
lux,2006,19716709.34643
lux,2007,19795183.77376
lux,2008,22477404.60659
lux,2009,27804342.23698
lux,2010,24993424.19877
lux,2011,27533477.52149
lux,2012,26132877.71403
lux,2013,28548530.74779
lux,2014,28806886.22363
lux,2015,24560117.75454
lux,2016,24305440.28906
lva,1995,34636057.82781
lva,1996,37289414.8419
lva,1997,33954204.83654
lva,1998,32497087.46496
lva,1999,30913233.69034
lva,2000,26639749.57283
lva,2001,26107333.90064
lva,2002,32685353.92154
lva,2003,37270872.88123
lva,2004,49317618.99749
lva,2005,55126036.83776
lva,2006,75401598.58783
lva,2007,105567694.68047
lva,2008,139039989.69472
lva,2009,98478050.10847
lva,2010,71891463.9064
lva,2011,77186562.9659
lva,2012,75445842.47162
lva,2013,79337066.37233
lva,2014,77063007.08644
lva,2015,62143549.73725
lva,2016,60373983.96569
mar,1990,351384240.8909
mar,1991,337333445.455
mar,1992,343074133.63247
mar,1993,306624996.10688
mar,1994,293088868.56836
mar,1995,327818244.77115
mar,1996,301481609.8428
mar,1997,267632179.73065
mar,1998,254716675.51475
mar,1999,233807293.28914
mar,2000,204367894.44392
mar,2001,184600241.58673
mar,2002,188525950.91402
mar,2003,214758036.80035
mar,2004,234266794.96728
mar,2005,232247486.09336
mar,2006,236076711.33256
mar,2007,259007028.54689
mar,2008,281092068.01306
mar,2009,275190368.32046
mar,2010,253839968.35301
mar,2011,273005408.86037
mar,2012,269009557.8664
mar,2013,290093425.32311
mar,2014,299863097.56886
mar,2015,273310025.23276
mar,2016,282975333.73957
mda,1995,13501032.40227
mda,1996,13871672.65352
mda,1997,16026958.88763
mda,1998,14435151.74405
mda,1999,9911551.81021
mda,2000,10070965.36786
mda,2001,10541220.98311
mda,2002,10953619.21274
mda,2003,10560880.90768
mda,2004,13286995.91247
mda,2005,15052283.88414
mda,2006,15723429.21673
mda,2007,20585560.74344
mda,2008,26583090.72198
mda,2009,23637387.78237
mda,2010,22740972.56527
mda,2011,27244482.75861
mda,2012,27466063.02644
mda,2013,27063669.84835
mda,2014,25610592.88381
mda,2015,20971447.04392
mda,2016,20886925.32076
mdg,1990,116978009.01791
mdg,1991,104828944.94922
mdg,1992,117505180.67008
mdg,1993,128783088.67302
mdg,1994,114764138.29029
mdg,1995,117944873.18768
mdg,1996,142795540.76622
mdg,1997,120946983.60988
mdg,1998,121641233.88078
mdg,1999,115778616.2805
mdg,2000,115948659.35933
mdg,2001,131457405.73719
mdg,2002,143928503.17265
mdg,2003,159799810.66994
mdg,2004,118405197.90221
mdg,2005,126001749.32871
mdg,2006,124379463.11104
mdg,2007,157767815.21219
mdg,2008,193001756.98278
mdg,2009,184753944.15268
mdg,2010,189969601.51245
mdg,2011,213603503.36163
mdg,2012,205888915.30173
mdg,2013,213377490.57766
mdg,2014,208877191.77178
mdg,2015,188882122.14999
mdg,2016,189288813.23836
mdv,1990,5460526.20929
mdv,1991,5316536.09695
mdv,1992,5221401.98458
mdv,1993,5182414.03365
mdv,1994,4990971.18585
mdv,1995,4876428.65884
mdv,1996,4828761.58972
mdv,1997,4717634.92707
mdv,1998,4688419.37169
mdv,1999,4568200.22254
mdv,2000,4366185.1168
mdv,2001,3660728.94033
mdv,2002,3644024.66167
mdv,2003,3700553.43149
mdv,2004,3933134.4089
mdv,2005,3953604.9452
mdv,2006,3789592.78108
mdv,2007,4020080.23003
mdv,2008,4244141.89549
mdv,2009,4269391.51592
mdv,2010,4230459.06245
mdv,2011,4200069.09404
mdv,2012,4228517.88708
mdv,2013,4434316.54725
mdv,2014,4700455.90047
mdv,2015,5048038.63105
mdv,2016,5124352.54522
mex,1990,1324703252.39826
mex,1991,1505133038.31947
mex,1992,1669471170.60291
mex,1993,2202403581.0293
mex,1994,2125693188.06618
mex,1995,1361309744.84482
mex,1996,1394826612.14832
mex,1997,1497036859.80823
mex,1998,1419990352.79607
mex,1999,1482106183.87636
mex,2000,1597575067.53222
mex,2001,1710606745.03722
mex,2002,1729863308.93095
mex,2003,1590266313.52079
mex,2004,1593296800.4682
mex,2005,1661542469.75404
mex,2006,1685874863.06675
mex,2007,1721057052.36822
mex,2008,1768679363.15319
mex,2009,1451912690.06653
mex,2010,1634477224.95894
mex,2011,1687831867.01337
mex,2012,1640010049.09589
mex,2013,1678684755.27582
mex,2014,1650640487.24718
mex,2015,1406657459.89409
mex,2016,1226237013.41318
mkd,1990,50254139.73615
mkd,1991,52400935.63487
mkd,1992,23919806.18044
mkd,1993,27453220.49923
mkd,1994,36311759.28064
mkd,1995,43802984.74837
mkd,1996,40306814.30827
mkd,1997,33713718.05294
mkd,1998,30006847.84378
mkd,1999,27803375.82426
mkd,2000,26636579.64564
mkd,2001,25986763.27341
mkd,2002,26718060.19501
mkd,2003,31511446.78321
mkd,2004,33183614.98656
mkd,2005,34623797.95318
mkd,2006,35231369.27683
mkd,2007,39300226.0009
mkd,2008,45918380.102
mkd,2009,43553318.03795
mkd,2010,42472201.18059
mkd,2011,44435359.66208
mkd,2012,40546601.6567
mkd,2013,42008220.13207
mkd,2014,41518837.41245
mkd,2015,34342369.70854
mkd,2016,35549575.40128
mli,1990,128599710.93078
mli,1991,122239455.90233
mli,1992,130716915.79005
mli,1993,127922376.81478
mli,1994,90311374.59798
mli,1995,116237679.95208
mli,1996,110525647.77547
mli,1997,102171565.25677
mli,1998,100668457.32622
mli,1999,118017810.83211
mli,2000,102555318.27818
mli,2001,107586056.20523
mli,2002,120398551.39297
mli,2003,133605113.12853
mli,2004,151036961.31884
mli,2005,168118284.88002
mli,2006,178777342.64189
mli,2007,208170810.71531
mli,2008,243659362.64979
mli,2009,244868138.86214
mli,2010,243073436.52374
mli,2011,286057654.72347
mli,2012,273014974.13693
mli,2013,280885657.74534
mli,2014,286617816.7033
mli,2015,253145160.77692
mli,2016,261342607.48051
mlt,1990,3220419.17608
mlt,1991,3264208.62785
mlt,1992,3378096.84058
mlt,1993,2849856.14616
mlt,1994,2871150.73462
mlt,1995,3006484.37201
mlt,1996,3116381.04095
mlt,1997,3150921.03911
mlt,1998,3268627.33482
mlt,1999,3388473.26402
mlt,2000,3404523.18271
mlt,2001,3360520.04683
mlt,2002,3484330.95507
mlt,2003,3659534.02148
mlt,2004,3833642.37217
mlt,2005,3998369.25882
mlt,2006,4249215.57119
mlt,2007,4539966.51244
mlt,2008,5213402.31779
mlt,2009,5584265.11544
mlt,2010,6028512.65584
mlt,2011,6486819.89683
mlt,2012,5896161.21131
mlt,2013,6319285.41585
mlt,2014,6783625.12001
mlt,2015,5822656.10618
mlt,2016,5915020.17001
mmr,2000,149289468.85127
mmr,2001,102868869.73365
mmr,2002,99351335.24586
mmr,2003,140195229.6824
mmr,2004,128822678.01387
mmr,2005,138261090.87145
mmr,2006,154833782.15578
mmr,2007,202804992.48132
mmr,2008,287779701.93757
mmr,2009,336646711.23318
mmr,2010,435437861.55983
mmr,2011,523559840.23958
mmr,2012,509153723.85419
mmr,2013,490780964.68655
mmr,2014,505895511.50457
mmr,2015,437516823.09073
mmr,2016,440720373.42057
mne,2000,3319666.83364
mne,2001,3743655.6027
mne,2002,3920255.82023
mne,2003,4923715.83168
mne,2004,5508987.41745
mne,2005,5507026.23217
mne,2006,6476280.29785
mne,2007,8707867.49828
mne,2008,12085618.44825
mne,2009,11783358.12531
mne,2010,11780139.68424
mne,2011,13025568.87826
mne,2012,10375139.09107
mne,2013,11492608.41375
mne,2014,11519157.59341
mne,2015,9786307.88991
mne,2016,10240301.80867
mng,1990,62262359.1751
mng,1991,58993305.35525
mng,1992,31315269.94487
mng,1993,16478022.23632
mng,1994,17220915.84096
mng,1995,21685303.38272
mng,1996,16696114.15749
mng,1997,12704610.36342
mng,1998,11283691.08906
mng,1999,9887514.07208
mng,2000,10055719.33726
mng,2001,10589787.7609
mng,2002,11144283.30902
mng,2003,11648872.40827
mng,2004,13021214.07893
mng,2005,15759745.90608
mng,2006,19596812.48955
mng,2007,22828482.53022
mng,2008,29362208.33143
mng,2009,25103243.23523
mng,2010,39068899.22259
mng,2011,54326644.05091
mng,2012,63364087.5082
mng,2013,59938855.4542
mng,2014,59269698.70772
mng,2015,61381951.68423
mng,2016,60647123.37364
moz,1990,73202474.38085
moz,1991,94047942.04964
moz,1992,68568069.56288
moz,1993,66881450.55298
moz,1994,66098361.58779
moz,1995,66870260.27939
moz,1996,74431730.11994
moz,1997,84977246.92582
moz,1998,93466390.7428
moz,1999,101578968.78714
moz,2000,99116977.10823
moz,2001,91862628.70949
moz,2002,97438911.28106
moz,2003,104539970.11845
moz,2004,119096584.83193
moz,2005,127210094.9542
moz,2006,127585246.47522
moz,2007,132940563.03427
moz,2008,160748234.43021
moz,2009,149412093.634
moz,2010,134575285.54167
moz,2011,165882100.13117
moz,2012,172872635.6458
moz,2013,184328256.20628
moz,2014,190319372.01426
moz,2015,161344176.31443
moz,2016,117891202.70694
mrt,1990,33708795.38368
mrt,1991,47227605.67621
mrt,1992,47003119.38582
mrt,1993,38252387.69608
mrt,1994,41153730.67963
mrt,1995,40600269.52873
mrt,1996,39869221.43301
mrt,1997,40757274.02513
mrt,1998,39140920.99769
mrt,1999,38452163.23326
mrt,2000,35998544.66794
mrt,2001,34737609.58286
mrt,2002,34995610.51685
mrt,2003,38558291.87599
mrt,2004,41683677.60394
mrt,2005,45054666.92791
mrt,2006,51154607.22304
mrt,2007,53866983.90038
mrt,2008,61708914.62488
mrt,2009,55722330.68277
mrt,2010,60903505.37642
mrt,2011,68618537.19905
mrt,2012,64903582.92709
mrt,2013,67082511.26987
mrt,2014,60555223.17932
mrt,2015,53699170.88888
mrt,2016,51109795.63669
mus,1990,10493760.91818
mus,1991,11028668.54783
mus,1992,11565935.29298
mus,1993,11158391.53681
mus,1994,11837764.17039
mus,1995,13336514.77249
mus,1996,14164687.65662
mus,1997,13158869.49078
mus,1998,12690863.05679
mus,1999,12813352.94239
mus,2000,12559359.3388
mus,2001,11962213.02922
mus,2002,11674374.54676
mus,2003,12559238.06511
mus,2004,12978509.63491
mus,2005,12309145.59681
mus,2006,12142999.11754
mus,2007,13377504.93281
mus,2008,15296437.69075
mus,2009,13465013.45197
mus,2010,14236567.81258
mus,2011,15843318.05083
mus,2012,16326379.62049
mus,2013,17369448.74784
mus,2014,18781982.47915
mus,2015,16651008.50564
mus,2016,16613091.80672
mwi,1990,89199307.74273
mwi,1991,100703609.78795
mwi,1992,84683311.41557
mwi,1993,88165959.42685
mwi,1994,52737734.95506
mwi,1995,53359977.48389
mwi,1996,81007165.85399
mwi,1997,95518179.55754
mwi,1998,62072590.14356
mwi,1999,65812710.9278
mwi,2000,66204141.36864
mwi,2001,66104688.95275
mwi,2002,125429762.29659
mwi,2003,101174298.91841
mwi,2004,96059399.4337
mwi,2005,90024626.20764
mwi,2006,89381038.61487
mwi,2007,90048795.42655
mwi,2008,103800780.85048
mwi,2009,115850233.41254
mwi,2010,127166572.31486
mwi,2011,148641650.85596
mwi,2012,114279492.55169
mwi,2013,101822481.00788
mwi,2014,106584618.48004
mwi,2015,109937585.59945
mwi,2016,90773095.93033
mys,1990,152784927.82979
mys,1991,162091408.72425
mys,1992,186783185.62797
mys,1993,201329654.45946
mys,1994,214518416.40589
mys,1995,250789746.09981
mys,1996,278325025.74404
mys,1997,275940579.57551
mys,1998,224649190.08818
mys,1999,236657804.76913
mys,2000,265218814.6334
mys,2001,269924322.10688
mys,2002,286082858.44191
mys,2003,310730107.22651
mys,2004,347953586.64184
mys,2005,399707082.43063
mys,2006,435162449.72744
mys,2007,486000097.78036
mys,2008,573399146.80229
mys,2009,521807966.81546
mys,2010,627543397.33022
mys,2011,729616480.79774
mys,2012,763431153.07147
mys,2013,772252595.66459
mys,2014,793824921.82193
mys,2015,688854046.4004
mys,2016,690944013.02084
nam,1990,63483508.42864
nam,1991,66187753.22961
nam,1992,71107210.2603
nam,1993,66007349.7226
nam,1994,70852702.52218
nam,1995,73375414.56864
nam,1996,72569445.41687
nam,1997,73794044.46058
nam,1998,68254669.98809
nam,1999,67451247.66113
nam,2000,67257294.91237
nam,2001,57775427.46385
nam,2002,49597233.44397
nam,2003,67395090.96992
nam,2004,79302310.80788
nam,2005,84145552.31697
nam,2006,84807263.2495
nam,2007,87362866.24237
nam,2008,81918643.94306
nam,2009,85000845.11795
nam,2010,101502999.90895
nam,2011,108358549.53186
nam,2012,110666501.64051
nam,2013,103132971.12652
nam,2014,96324342.50889
nam,2015,81424932.68396
nam,2016,74481411.25147
ner,1990,257231391.81571
ner,1991,236320582.47148
ner,1992,247714553.11425
ner,1993,163413227.41517
ner,1994,150928981.83097
ner,1995,171546731.88554
ner,1996,168135381.12709
ner,1997,145210575.76009
ner,1998,147104076.77583
ner,1999,141904531.66896
ner,2000,124621528.47693
ner,2001,124890951.84307
ner,2002,136358998.63772
ner,2003,158293540.62007
ner,2004,172947173.66716
ner,2005,183264822.61993
ner,2006,192437289.99205
ner,2007,212513295.21822
ner,2008,234035815.5405
ner,2009,219060457.93477
ner,2010,195430774.04665
ner,2011,204648370.22315
ner,2012,194589463.36033
ner,2013,200510694.11344
ner,2014,202191182.20031
ner,2015,174147670.99845
ner,2016,176992161.12614
nga,1990,470856973.69799
nga,1991,418905757.0684
nga,1992,431904161.24679
nga,1993,238788366.28552
nga,1994,290401592.55945
nga,1995,467628336.15102
nga,1996,550831931.20889
nga,1997,571523654.75172
nga,1998,512154529.21312
nga,1999,557779754.73565
nga,2000,666872876.1081
nga,2001,611537232.35509
nga,2002,833780603.57896
nga,2003,870794646.55001
nga,2004,930302504.93348
nga,2005,1244412961.71017
nga,2006,1646542730.20451
nga,2007,1830031745.17966
nga,2008,2236303236.78166
nga,2009,1729092932.21421
nga,2010,4115121532.1058
nga,2011,4954727889.78955
nga,2012,6006325799.66106
nga,2013,7104747679.74406
nga,2014,7980193614.38892
nga,2015,6610977099.11401
nga,2016,5612858105.88221
nic,1990,14196714.88208
nic,1991,20319329.08499
nic,1992,23564023.04471
nic,1993,22348005.72157
nic,1994,46138227.32365
nic,1995,45505167.26163
nic,1996,43162766.16532
nic,1997,41029133.14471
nic,1998,40103772.02564
nic,1999,39158261.2197
nic,2000,38061736.89527
nic,2001,37221593.68661
nic,2002,35391294.77352
nic,2003,33982747.40498
nic,2004,33917513.29829
nic,2005,34263532.53274
nic,2006,33802163.80522
nic,2007,33652382.07541
nic,2008,36376380.80763
nic,2009,35665638.63061
nic,2010,34469873.04112
nic,2011,35309289.04676
nic,2012,34825506.87046
nic,2013,33477372.07463
nic,2014,34027679.49984
nic,2015,34614853.92508
nic,2016,34092566.92973
nld,1990,411370907.5879
nld,1991,392389023.35177
nld,1992,423024065.018
nld,1993,400288165.08255
nld,1994,405068814.35129
nld,1995,450314372.2554
nld,1996,434733863.68743
nld,1997,381681734.17902
nld,1998,387137445.20136
nld,1999,370677562.72482
nld,2000,328578745.77407
nld,2001,343241974.23455
nld,2002,396802487.19402
nld,2003,448891362.77678
nld,2004,514830605.53005
nld,2005,500139787.5667
nld,2006,506841691.41731
nld,2007,564364461.94753
nld,2008,619653366.14453
nld,2009,601334910.00551
nld,2010,544468221.95142
nld,2011,564402491.75128
nld,2012,565748766.27108
nld,2013,611031770.91607
nld,2014,631749842.21833
nld,2015,533035268.78824
nld,2016,533316235.161
nor,1990,147294295.07655
nor,1991,126826987.04016
nor,1992,126116853.22981
nor,1993,106411351.98846
nor,1994,104218953.11237
nor,1995,113365947.47726
nor,1996,110915533.25278
nor,1997,107934627.80427
nor,1998,100598938.40481
nor,1999,96817030.98187
nor,2000,96670263.50367
nor,2001,94907739.10915
nor,2002,100042163.78422
nor,2003,111793591.42481
nor,2004,117826776.96641
nor,2005,130437962.52586
nor,2006,140454878.05346
nor,2007,159255821.83444
nor,2008,180333228.16896
nor,2009,154945856.40935
nor,2010,174921761.41952
nor,2011,202489576.68604
nor,2012,196997513.15601
nor,2013,197430257.43424
nor,2014,179026756.34286
nor,2015,131795651.1773
nor,2016,121351648.37116
npl,1990,142200552.42774
npl,1991,145115653.22663
npl,1992,121168044.46768
npl,1993,123763967.94361
npl,1994,125179882.83378
npl,1995,129926488.35929
npl,1996,129471654.08414
npl,1997,137047169.52674
npl,1998,133396374.07295
npl,1999,134399397.4038
npl,2000,139971505.68369
npl,2001,149114144.48923
npl,2002,149920466.81811
npl,2003,149769199.41793
npl,2004,162629886.63815
npl,2005,172160866.66674
npl,2006,177594249.65387
npl,2007,189835803.52917
npl,2008,214768582.74046
npl,2009,208658766.6139
npl,2010,246463346.41662
npl,2011,286317185.4593
npl,2012,275766803.53381
npl,2013,273608532.10514
npl,2014,270885982.50039
npl,2015,284511958.25349
npl,2016,280345991.14906
nzl,1990,31409200.36721
nzl,1991,28442753.5399
nzl,1992,25600920.54367
nzl,1993,26608639.24529
nzl,1994,29994882.44481
nzl,1995,32372544.51194
nzl,1996,35190745.83291
nzl,1997,31194047.98138
nzl,1998,25411512.59138
nzl,1999,25986074.23173
nzl,2000,22817521.88289
nzl,2001,23258549.65282
nzl,2002,28416454.96124
nzl,2003,35395895.43329
nzl,2004,40683935.39602
nzl,2005,43244829.0191
nzl,2006,40598831.52432
nzl,2007,48963978.86046
nzl,2008,46644267.73766
nzl,2009,41177928.95381
nzl,2010,47714473.43952
nzl,2011,55892700.4433
nzl,2012,58156627.52481
nzl,2013,62823735.9746
nzl,2014,65149007.58875
nzl,2015,56656108.10778
nzl,2016,59313787.55915
omn,1990,109506919.75909
omn,1991,93535260.5881
omn,1992,88454850.97747
omn,1993,77897882.14095
omn,1994,71571797.75929
omn,1995,65507529.90516
omn,1996,65292593.17751
omn,1997,58724615.74257
omn,1998,47419709.18334
omn,1999,49954008.70976
omn,2000,54880376.55873
omn,2001,50784163.15852
omn,2002,51521347.79208
omn,2003,54853492.29932
omn,2004,58685848.563
omn,2005,65604027.82418
omn,2006,68562663.13947
omn,2007,70019701.82558
omn,2008,86543211.36222
omn,2009,64171086.95553
omn,2010,75477092.71917
omn,2011,96051105.03066
omn,2012,108028401.2484
omn,2013,119390651.59508
omn,2014,125310994.9959
omn,2015,106933310.01031
omn,2016,90918779.51495
pak,1990,963956521.47339
pak,1991,1044173355.58603
pak,1992,1113082954.77198
pak,1993,1206992512.63328
pak,1994,1223389881.66291
pak,1995,1462660240.10535
pak,1996,1557104365.48773
pak,1997,1606883447.11708
pak,1998,1636818942.10794
pak,1999,1659813387.4497
pak,2000,1888728294.5002
pak,2001,1777892776.26482
pak,2002,1676501939.1428
pak,2003,1810379599.50185
pak,2004,1964326877.41049
pak,2005,2011248875.67177
pak,2006,2423340106.88703
pak,2007,2566742679.35437
pak,2008,2828662382.95019
pak,2009,2678029624.77245
pak,2010,2745558282.0912
pak,2011,3152260977.07868
pak,2012,3130093995.19477
pak,2013,3105723380.47856
pak,2014,3133777114.01667
pak,2015,3369834799.56053
pak,2016,3368665069.09138
pan,1990,19136035.50733
pan,1991,19563867.28158
pan,1992,21205700.41989
pan,1993,22350967.29545
pan,1994,22937570.53623
pan,1995,24124169.89156
pan,1996,23353966.73012
pan,1997,23172846.26966
pan,1998,24577856.80158
pan,1999,23724688.72377
pan,2000,22974234.2863
pan,2001,23550156.91819
pan,2002,23910316.9414
pan,2003,24088993.58019
pan,2004,25458039.75466
pan,2005,25738023.33328
pan,2006,26337174.17881
pan,2007,27155208.6438
pan,2008,31099260.7633
pan,2009,33701630.71283
pan,2010,35229632.66937
pan,2011,37608451.9457
pan,2012,42813429.85923
pan,2013,46151797.13434
pan,2014,49012027.01353
pan,2015,51494978.53137
pan,2016,53751557.21105
per,1990,388258903.62002
per,1991,450132107.75844
per,1992,425676461.1882
per,1993,354875766.18751
per,1994,372018177.79609
per,1995,367933803.16407
per,1996,345336147.37436
per,1997,322884739.63991
per,1998,287061169.32556
per,1999,230990965.47591
per,2000,210559832.34596
per,2001,202774386.43741
per,2002,193424755.79233
per,2003,192299655.4244
per,2004,205389941.83071
per,2005,216443989.37703
per,2006,228460906.72158
per,2007,248233574.57024
per,2008,269422019.85415
per,2009,265358591.12409
per,2010,292619579.41432
per,2011,316083463.33691
per,2012,332856570.42467
per,2013,326469865.06533
per,2014,318404102.92361
per,2015,287654924.66591
per,2016,275369302.60896
phl,1990,796659574.25182
phl,1991,780977016.64748
phl,1992,869821844.82068
phl,1993,821045372.79577
phl,1994,882691059.10734
phl,1995,928023142.879
phl,1996,954717564.12605
phl,1997,897339682.16585
phl,1998,784237596.64391
phl,1999,841195292.15708
phl,2000,765709522.69817
phl,2001,712990310.77332
phl,2002,738130318.25401
phl,2003,743325113.87247
phl,2004,795405804.2766
phl,2005,865274372.20569
phl,2006,1032822174.64784
phl,2007,1259380950.68233
phl,2008,1516646081.36748
phl,2009,1489425650.9245
phl,2010,1677442738.66736
phl,2011,1783785834.20358
phl,2012,1817435219.64666
phl,2013,1818506069.62486
phl,2014,1815483226.65446
phl,2015,1800417895.15306
phl,2016,1803673814.76861
png,1990,78448944.17373
png,1991,87139253.99238
png,1992,93244020.31683
png,1993,96097683.57985
png,1994,106083955.39055
png,1995,97806712.33346
png,1996,102627833.8714
png,1997,101213517.75754
png,1998,75414797.89417
png,1999,63190284.94849
png,2000,60603298.23608
png,2001,50647831.09865
png,2002,47179779.59123
png,2003,52463464.64899
png,2004,54494446.31896
png,2005,62399207.24235
png,2006,103002658.48117
png,2007,106130857.52879
png,2008,130014715.89987
png,2009,122907321.5188
png,2010,142386268.69725
png,2011,183517729.69846
png,2012,211813449.1035
png,2013,209936962.58682
png,2014,210272093.35886
png,2015,183841351.1627
png,2016,179184514.45768
pol,1990,580200776.59365
pol,1991,683315022.18801
pol,1992,640400630.30096
pol,1993,592152001.40592
pol,1994,592479325.18432
pol,1995,651445621.98061
pol,1996,663698946.4733
pol,1997,614701335.40974
pol,1998,630224970.96948
pol,1999,564807690.01122
pol,2000,503147486.21748
pol,2001,559783620.26297
pol,2002,552353370.84489
pol,2003,573646740.77782
pol,2004,637380371.62063
pol,2005,742118717.98269
pol,2006,758740291.84831
pol,2007,873231068.50528
pol,2008,1054017006.52167
pol,2009,838802200.62463
pol,2010,892058533.50595
pol,2011,953333612.37295
pol,2012,890069193.62854
pol,2013,916743458.29578
pol,2014,928689844.32212
pol,2015,771318057.47246
pol,2016,724872680.29539
pri,1990,59092178.71071
pri,1991,61016457.547
pri,1992,62186898.60616
pri,1993,62798124.83978
pri,1994,63493915.1209
pri,1995,64869140.86803
pri,1996,69237830.32249
pri,1997,74634947.69452
pri,1998,80146406.43754
pri,1999,76966984.84734
pri,2000,83349541.86363
pri,2001,86281362.69293
pri,2002,86807316.55869
pri,2003,88598280.37428
pri,2004,85306826.79271
pri,2005,89126961.20436
pri,2006,91318649.99346
pri,2007,91978767.507
pri,2008,90980837.26151
pri,2009,91858724.41071
pri,2010,87371555.73778
pri,2011,89774396.49872
pri,2012,93779248.18525
pri,2013,97414687.78548
pri,2014,98129134.02706
pri,2015,98120406.41046
pri,2016,99056973.49777
prt,1990,180029854.69773
prt,1991,198363762.59216
prt,1992,213149060.04957
prt,1993,185124647.95835
prt,1994,189819802.15939
prt,1995,206094515.07223
prt,1996,211954602.57263
prt,1997,194666920.0875
prt,1998,195990964.40648
prt,1999,190716097.02151
prt,2000,172578949.30145
prt,2001,172153978.91092
prt,2002,182595002.58748
prt,2003,220219989.5427
prt,2004,234947347.73393
prt,2005,227713890.66248
prt,2006,225804543.17738
prt,2007,241651271.40449
prt,2008,247159223.91519
prt,2009,219422901.74457
prt,2010,198787050.62689
prt,2011,204386331.40664
prt,2012,181920610.22827
prt,2013,185207316.79682
prt,2014,173838649.9003
prt,2015,144437652.804
prt,2016,142444135.87127
pry,1990,37662351.07278
pry,1991,44718725.68522
pry,1992,45239602.46197
pry,1993,43694644.95271
pry,1994,45219076.61406
pry,1995,49297009.91477
pry,1996,53360453.86641
pry,1997,54641557.62255
pry,1998,51253610.54942
pry,1999,52892266.32306
pry,2000,53904559.68906
pry,2001,50372479.81373
pry,2002,40433313.01379
pry,2003,39303010.27421
pry,2004,45045790.384
pry,2005,47388696.61769
pry,2006,54416839.95667
pry,2007,65572390.03975
pry,2008,81933230.04548
pry,2009,71677065.64613
pry,2010,76103384.82049
pry,2011,92590956.929
pry,2012,91596310.58439
pry,2013,96498126.3294
pry,2014,101504008.02902
pry,2015,88019227.4836
pry,2016,85936484.26697
qat,1990,16664106.67473
qat,1991,17035715.26698
qat,1992,17869766.55231
qat,1993,18464304.1512
qat,1994,19080435.84484
qat,1995,19607441.98569
qat,1996,20464746.72612
qat,1997,21616285.61239
qat,2000,20789604.69355
qat,2001,23160024.29291
qat,2002,26091551.18244
qat,2003,29960782.84945
qat,2004,34233968.90072
qat,2005,46662623.89371
qat,2006,48229085.68302
qat,2007,53526554.9949
qat,2008,66200667.25746
qat,2010,60277486.79328
qat,2011,75968279.9816
qat,2012,83093903.17894
qat,2013,89802139.62073
qat,2014,90683672.64279
qat,2015,70668120.52923
qat,2016,64357438.099
rou,1990,248211671.08164
rou,1991,195018225.93661
rou,1992,169021912.50881
rou,1993,182228713.35081
rou,1994,217642414.1669
rou,1995,275007872.30862
rou,1996,270466977.76719
rou,1997,294422628.22676
rou,1998,337807927.84048
rou,1999,278005433.71414
rou,2000,256128748.00717
rou,2001,244488721.41107
rou,2002,204282116.88207
rou,2003,270067369.15643
rou,2004,296995034.86185
rou,2005,381468376.38214
rou,2006,463554922.26619
rou,2007,674591172.88576
rou,2008,802132164.86533
rou,2009,680233564.79796
rou,2010,662376613.94043
rou,2011,676277231.76856
rou,2012,588596847.3011
rou,2013,575597484.15755
rou,2014,552900110.52472
rou,2015,456076086.5339
rou,2016,448178358.52455
rus,1990,1815333939.35857
rus,1991,2059374031.63299
rus,1992,2139532780.70261
rus,1993,2080626328.42839
rus,1994,1998261835.3668
rus,1995,2063494190.86184
rus,1996,1877246628.87012
rus,1997,1728256094.1142
rus,1998,1145745328.54467
rus,1999,886742215.77551
rus,2000,1045002702.9285
rus,2001,1163525820.77327
rus,2002,1332380309.86463
rus,2003,1812690027.56972
rus,2004,2537157629.56177
rus,2005,3288953376.31532
rus,2006,3733787336.93895
rus,2007,4736390932.48606
rus,2008,5686439852.99313
rus,2009,4556543261.20879
rus,2010,5311569590.56857
rus,2011,7055831693.00813
rus,2012,7453021951.45551
rus,2013,7510830593.25218
rus,2014,6596636834.21027
rus,2015,4428888348.51892
rus,2016,4043309846.16118
rwa,1990,116236528.913
rwa,1991,91167100.0486
rwa,1992,90330056.65638
rwa,1993,85924590.4803
rwa,1994,10818155.26914
rwa,1995,62730931.92532
rwa,1996,55698899.3553
rwa,1997,63815656.87271
rwa,1998,66747925.43151
rwa,1999,66097356.23559
rwa,2000,58022773.19289
rwa,2001,55645591.97156
rwa,2002,51121291.9357
rwa,2003,54739479.09874
rwa,2004,58059468.25237
rwa,2005,67785548.9253
rwa,2006,76384794.42203
rwa,2007,86875872.28348
rwa,2008,100473845.68913
rwa,2009,103577859.40819
rwa,2010,99508134.26474
rwa,2011,108220315.09919
rwa,2012,115886703.59276
rwa,2013,117888051.03402
rwa,2014,117346466.50571
rwa,2015,113976628.54737
rwa,2016,111263306.20019
sau,1990,512688766.68083
sau,1991,514846711.18378
sau,1992,513364240.92789
sau,1993,494394620.05321
sau,1994,486619901.97549
sau,1995,506120266.78569
sau,1996,534665310.71994
sau,1997,539335874.54259
sau,1998,457591997.84208
sau,1999,511407858.75661
sau,2000,639671157.18896
sau,2001,594160135.53261
sau,2002,568362371.04849
sau,2003,535880093.23975
sau,2004,553748385.89526
sau,2005,603729551.20333
sau,2006,625243333.82262
sau,2007,677727502.56865
sau,2008,719954464.88128
sau,2009,610309483.29851
sau,2010,760459448.29811
sau,2011,959402702.53409
sau,2012,1103491222.85186
sau,2013,1229894580.55072
sau,2014,1236071762.30573
sau,2015,1063651671.97987
sau,2016,1056502394.53598
sdn,1990,706480714.50744
sdn,1991,633040331.60135
sdn,1992,380737061.79454
sdn,1993,482919059.94711
sdn,1994,709029897.98886
sdn,1995,751193694.89249
sdn,1996,473391624.38136
sdn,1997,570465523.65398
sdn,1998,522751731.21881
sdn,1999,477873869.74558
sdn,2000,512014480.86429
sdn,2001,510424147.5559
sdn,2002,526930269.89307
sdn,2003,578200135.0744
sdn,2004,683342699.94654
sdn,2005,800861811.96906
sdn,2006,1012778282.23867
sdn,2007,1188375766.94041
sdn,2008,1355573174.05032
sdn,2009,1326541864.88876
sdn,2010,1632796842.46919
sdn,2011,1745174529.31536
sdn,2012,1757263826.60498
sdn,2013,1747784861.89801
sdn,2014,1916816666.63941
sdn,2015,2151649293.40208
sdn,2016,2023743073.522
sen,1990,100317998.4722
sen,1991,95711762.10999
sen,1992,99325154.77503
sen,1993,91793326.03523
sen,1994,60932730.02243
sen,1995,71398712.85605
sen,1996,72455563.97826
sen,1997,66216418.1077
sen,1998,68820627.22727
sen,1999,67936714.03676
sen,2000,62433613.09741
sen,2001,64557778.90375
sen,2002,69849492.59474
sen,2003,86009030.78524
sen,2004,97632848.19144
sen,2005,103867901.96448
sen,2006,111890553.30028
sen,2007,132574834.99564
sen,2008,155402209.86258
sen,2009,147763158.47508
sen,2010,141651906.66081
sen,2011,153734388.9576
sen,2012,146716147.92924
sen,2013,147612413.68356
sen,2014,144261937.17929
sen,2015,120786770.5941
sen,2016,124070669.91019
sgp,1990,48446808.54023
sgp,1991,58302306.85931
sgp,1992,65525790.78264
sgp,1993,67549985.28408
sgp,1994,75031099.21173
sgp,1995,75218227.21486
sgp,1996,90134638.2913
sgp,1997,90639805.87
sgp,1998,80005826.28772
sgp,1999,81187005.02151
sgp,2000,76084791.36563
sgp,2001,85550584.92104
sgp,2002,89710125.17205
sgp,2003,91655008.75381
sgp,2004,101064831.89194
sgp,2005,117403086.48969
sgp,2006,129466512.31309
sgp,2007,147087437.37611
sgp,2008,157435806.59245
sgp,2009,161265581.68273
sgp,2010,162555889.35392
sgp,2011,200672431.9721
sgp,2012,220715653.43984
sgp,2013,223972647.61194
sgp,2014,230850047.21643
sgp,2015,224890792.49154
sgp,2016,225513998.04218
slb,1990,7438667.52146
slb,1991,7636730.25054
slb,1992,8298315.20302
slb,1993,8882583.31729
slb,1994,9500516.78211
slb,1995,10320619.02144
slb,1996,11652782.26316
slb,1997,12316667.28785
slb,1998,10366045.8866
slb,1999,10791395.64146
slb,2000,11046117.02797
slb,2001,10565806.56745
slb,2002,8812785.15652
slb,2003,7632766.02196
slb,2004,7822044.97841
slb,2005,8173881.24132
slb,2006,8616749.04417
slb,2007,9459914.26248
slb,2008,10971814.76114
slb,2009,11849870.12961
slb,2010,13075438.75865
slb,2011,15906449.24868
slb,2012,18352899.34695
slb,2013,19069339.87271
slb,2014,21306499.96878
slb,2015,20814035.98926
slb,2016,21938467.90102
sle,1990,25192178.84529
sle,1991,29113933.03823
sle,1992,28542385.02381
sle,1993,29736110.86209
sle,1994,33459096.43796
sle,1995,31361104.84768
sle,1996,31123759.08085
sle,1997,28198782.85948
sle,1998,20385176.19861
sle,1999,19893656.84346
sle,2000,18205913.70516
sle,2001,32110988.40957
sle,2002,29744902.79904
sle,2003,31136069.50176
sle,2004,32198625.47391
sle,2005,35968246.06129
sle,2006,41877238.32837
sle,2007,46726122.13751
sle,2008,54079418.67614
sle,2009,53476695.02188
sle,2010,54583973.79947
sle,2011,60682001.69644
sle,2012,69764805.98704
sle,2013,78595686.81938
sle,2014,75581539.95637
sle,2015,85672679.86916
sle,2016,72345229.36489
slv,1990,78173475.83286
slv,1991,82299569.03937
slv,1992,81181541.87903
slv,1993,82067974.11615
slv,1994,88489382.39984
slv,1995,93255385.09849
slv,1996,91618540.31133
slv,1997,93349603.91191
slv,1998,94651097.23808
slv,1999,90654136.56181
slv,2000,89089291.13761
slv,2001,88785068.25999
slv,2002,86291122.83483
slv,2003,86847174.63903
slv,2004,83961763.71227
slv,2005,83395122.38242
slv,2006,82604210.50039
slv,2007,84722575.51839
slv,2008,87342864.30947
slv,2009,84450436.16793
slv,2010,82874079.31677
slv,2011,87702393.12748
slv,2012,88375498.39823
slv,2013,85812759.48211
slv,2014,85007529.35644
slv,2015,84590146.27574
slv,2016,83351044.18957
srb,1995,168429809.13485
srb,1996,201502006.89004
srb,1997,216989142.04047
srb,1998,152606341.49998
srb,1999,161070317.67907
srb,2000,49398847.42874
srb,2001,80620290.01198
srb,2002,90572759.29903
srb,2003,109729376.49549
srb,2004,120075814.69458
srb,2005,114209528.40863
srb,2006,113564083.58671
srb,2007,156107475.74917
srb,2008,197569177.64897
srb,2009,163084676.07627
srb,2010,134701575.93625
srb,2011,143946699.69858
srb,2012,128606620.14181
srb,2013,154599383.56948
srb,2014,150171080.79406
srb,2015,123291846.68142
srb,2016,119657412.33211
stp,2001,2114106.61301
stp,2002,2256084.88286
stp,2003,2481519.30229
stp,2004,2548111.55947
stp,2005,2787867.28419
stp,2006,2736254.48059
stp,2007,2831229.21949
stp,2008,3336469.78917
stp,2009,3195682.04292
stp,2010,3077429.48957
stp,2011,3443932.86164
stp,2012,3586827.61414
stp,2013,4083797.56375
stp,2014,4403495.25919
stp,2015,3804892.01052
stp,2016,3902427.32327
sur,1990,1845436.08588
sur,1991,2122345.56069
sur,1992,2005964.01913
sur,1993,2361744.98383
sur,1994,3104097.28968
sur,1995,3391045.85704
sur,1996,4170639.3361
sur,1997,4127515.74779
sur,1998,3905526.63332
sur,1999,3605970.73252
sur,2000,3741676.70928
sur,2001,2895619.98607
sur,2002,3738055.46305
sur,2003,3980783.45336
sur,2004,4109178.13026
sur,2005,4673976.84136
sur,2006,6636908.14892
sur,2007,7151009.44249
sur,2008,8427533.17706
sur,2009,9036257.28972
sur,2010,9661871.88112
sur,2011,9556106.84517
sur,2012,10785989.25228
sur,2013,11105297.4156
sur,2014,11573033.84577
sur,2015,11071529.13638
sur,2016,7911913.39131
svk,1990,43676299.42945
svk,1991,44459105.18242
svk,1992,32504421.13467
svk,1993,33066112.29229
svk,1994,37345029.86554
svk,1995,46897101.67165
svk,1996,51287643.64786
svk,1997,45915903.04616
svk,1998,48859706.9658
svk,1999,50362965.02594
svk,2000,47721854.42486
svk,2001,50737527.12662
svk,2002,57828323.50919
svk,2003,74758622.93111
svk,2004,91093760.60088
svk,2005,98452377.78624
svk,2006,103630694.4344
svk,2007,115553751.47949
svk,2008,138987831.79803
svk,2009,130101905.25998
svk,2010,126432232.01178
svk,2011,136661338.44941
svk,2012,130332763.73836
svk,2013,133706085.78691
svk,2014,133115964.72694
svk,2015,110201517.4109
svk,2016,107943946.98305
svn,1995,41031416.93962
svn,1996,35998417.07238
svn,1997,34973405.57192
svn,1998,39421122.54898
svn,1999,34805172.85807
svn,2000,27152656.9283
svn,2001,27786499.98733
svn,2002,28048056.36582
svn,2003,33240523.20651
svn,2004,42468561.96957
svn,2005,40672390.46875
svn,2006,41123730.33216
svn,2007,46359795.38658
svn,2008,44705706.78438
svn,2009,46396936.98602
svn,2010,41580856.55903
svn,2011,39619062.77181
svn,2012,34236046.47997
svn,2013,36283750.72608
svn,2014,38585863.03947
svn,2015,32076655.40857
svn,2016,31856421.19567
swe,1990,146774963.57349
swe,1991,157757275.21956
swe,1992,153954573.51518
swe,1993,109984964.48492
swe,1994,109606657.34722
swe,1995,115270614.13365
swe,1996,120541409.90949
swe,1997,103318053.30779
swe,1998,97158431.29863
swe,1999,90336206.52313
swe,2000,89698196.49253
swe,2001,76119942.79821
swe,2002,82425633.55891
swe,2003,101478221.23269
swe,2004,101986414.56435
swe,2005,97074074.72259
swe,2006,102314877.49545
swe,2007,114194994.01705
swe,2008,121792497.8372
swe,2009,105568149.20609
swe,2010,119992609.58303
swe,2011,131408730.66856
swe,2012,130149660.36563
swe,2013,135665171.4317
swe,2014,129227266.09669
swe,2015,106995565.71985
swe,2016,106556542.18535
swz,1990,29534692.28172
swz,1991,30404096.01184
swz,1992,32853788.04061
swz,1993,33734640.42939
swz,1994,33927296.07486
swz,1995,37698922.17525
swz,1996,36451003.01706
swz,1997,40269257.61329
swz,1998,37514333.09194
swz,1999,37090212.61037
swz,2000,41702942.45822
swz,2001,36424021.89431
swz,2002,32336666.39667
swz,2003,48264939.70571
swz,2004,60248581.01935
swz,2005,68795690.91011
swz,2006,66420886.98102
swz,2007,67600594.41809
swz,2008,63043828.153
swz,2009,65979950.0523
swz,2010,75967033.97193
swz,2011,78726439.30384
swz,2012,71798354.22257
swz,2013,61081680.081
swz,2014,55013370.81299
swz,2015,48178208.99499
swz,2016,41094469.24186
tcd,1990,71655391.27283
tcd,1991,75474750.21101
tcd,1992,74000305.22347
tcd,1993,67474230.9374
tcd,1994,50002118.64079
tcd,1995,61615372.3508
tcd,1996,68295770.62277
tcd,1997,62998735.08108
tcd,1998,71222176.91616
tcd,1999,66027463.81775
tcd,2000,63395198.27066
tcd,2001,74272194.69635
tcd,2002,84473100.13814
tcd,2003,109635178.88406
tcd,2004,146979906.26237
tcd,2005,214647619.443
tcd,2006,264477666.50115
tcd,2007,326773911.6396
tcd,2008,402408799.88033
tcd,2009,362668254.37912
tcd,2010,383061241.30381
tcd,2011,445891848.44048
tcd,2012,431037340.6163
tcd,2013,443175593.11784
tcd,2014,464013041.97294
tcd,2015,363598304.64754
tcd,2016,346533972.16945
tgo,1990,61101009.95906
tgo,1991,59564111.0508
tgo,1992,63946521.42898
tgo,1993,51006158.16593
tgo,1994,34773781.37706
tgo,1995,41827251.40467
tgo,1996,41995287.84001
tgo,1997,38007963.50639
tgo,1998,44694576.47052
tgo,1999,45808313.11778
tgo,2000,39257817.93482
tgo,2001,41569547.89504
tgo,2002,44980499.1394
tgo,2003,45819342.40838
tgo,2004,49972040.1289
tgo,2005,52147016.8553
tgo,2006,50569710.00528
tgo,2007,56947059.38556
tgo,2008,70590175.25029
tgo,2009,68615995.7603
tgo,2010,66295982.48589
tgo,2011,76398386.88665
tgo,2012,76923551.81303
tgo,2013,79649422.07233
tgo,2014,84345114.6732
tgo,2015,74779351.50994
tgo,2016,78161288.97903
tha,1990,319829930.74518
tha,1991,351787409.34837
tha,1992,381041468.54071
tha,1993,417303506.03938
tha,1994,452861440.87006
tha,1995,526935609.67468
tha,1996,567211145.10509
tha,1997,492242717.96293
tha,1998,399138574.55649
tha,1999,419957913.55753
tha,2000,399201772.64717
tha,2001,361761950.82403
tha,2002,380508784.6313
tha,2003,408547607.30668
tha,2004,455600511.29578
tha,2005,479466373.40529
tha,2006,538037481.65227
tha,2007,623350633.89105
tha,2008,670155182.71607
tha,2009,649245453.29652
tha,2010,713048313.05619
tha,2011,776692184.79029
tha,2012,784586284.14381
tha,2013,817623301.7651
tha,2014,790342189.14421
tha,2015,757932692.59301
tha,2016,756100959.74508
tjk,1990,120363651.15857
tjk,1991,116819257.99665
tjk,1992,110286708.71592
tjk,1993,101914465.07452
tjk,1994,92019748.27046
tjk,1995,77299563.64553
tjk,1996,57667716.85486
tjk,1997,37329819.14939
tjk,1998,40757389.89196
tjk,1999,28613744.10339
tjk,2000,18442255.05259
tjk,2001,19951163.41912
tjk,2002,19203778.27272
tjk,2003,20236527.46715
tjk,2004,22111533.4107
tjk,2005,21126847.40827
tjk,2006,23006368.44567
tjk,2007,27856963.32432
tjk,2008,36037730.27733
tjk,2009,34283592.03711
tjk,2010,36766961.1584
tjk,2011,41982047.12369
tjk,2012,48860517.88306
tjk,2013,54183734.60172
tjk,2014,58605188.0383
tjk,2015,49467062.10867
tjk,2016,43154789.75715
tkm,1990,71979788.19103
tkm,1991,71277425.07199
tkm,1992,77070848.07254
tkm,1993,70460417.68198
tkm,1994,62771763.71478
tkm,1995,55123897.1507
tkm,1996,42411944.75255
tkm,1997,42751818.82208
tkm,1998,38155518.2495
tkm,1999,30007861.57288
tkm,2000,34245256.28947
tkm,2001,37773325.8814
tkm,2002,45653299.61456
tkm,2003,55558391.92667
tkm,2004,54811955.86532
tkm,2005,51681355.32871
tkm,2006,61207626.72839
tkm,2007,71873724.55014
tkm,2008,103174431.54342
tkm,2009,112114227.5504
tkm,2010,125255984.73663
tkm,2011,153982252.57815
tkm,2012,183203153.25596
tkm,2013,202815427.36823
tkm,2014,221688191.3946
tkm,2015,183830279.9915
tkm,2016,183827068.28466
tls,2000,7845270.60333
tls,2001,8874495.62836
tls,2002,9033397.37649
tls,2003,8956541.03433
tls,2004,8749813.13599
tls,2005,8585440.65177
tls,2006,8105491.74018
tls,2007,8602649.58483
tls,2008,9514961.08186
tls,2009,10488207.69424
tls,2010,11297955.09477
tls,2011,13358305.84416
tls,2012,15183499.75109
tls,2013,17979460.6358
tls,2014,17696460.54641
tls,2015,18522526.08987
tls,2016,19024306.25795
ton,1990,1129151.58577
ton,1991,1265826.40374
ton,1992,1327556.44842
ton,1993,1317111.84307
ton,1994,1797036.77276
ton,1995,1842006.9551
ton,1996,1970813.39975
ton,1997,1882108.34456
ton,1998,1600207.30199
ton,1999,1565743.94884
ton,2000,1518327.38593
ton,2001,1278835.7286
ton,2002,1210242.23052
ton,2003,1268038.35678
ton,2004,1376770.45527
ton,2005,1481129.17021
ton,2006,1544503.66345
ton,2007,1554998.86367
ton,2008,1659143.1455
ton,2009,1393249.16716
ton,2010,1518066.07367
ton,2011,1649494.84124
ton,2012,1800888.05546
ton,2013,1733873.92494
ton,2014,1613710.68391
ton,2015,1479998.70908
ton,2016,1282324.45951
tto,1990,17163083.35892
tto,1991,16285206.37481
tto,1992,17402917.081
tto,1993,15305071.14824
tto,1994,15366920.13528
tto,1995,15566587.73728
tto,1996,14325801.93018
tto,1997,13017661.45677
tto,1998,12746674.45942
tto,1999,13619477.84361
tto,2000,15758187.60867
tto,2001,15611694.08955
tto,2002,14164718.665
tto,2003,15061306.04122
tto,2004,15588618.52597
tto,2005,16811989.36837
tto,2006,15987330.79534
tto,2007,17243710.11235
tto,2008,20136781.41948
tto,2009,14354302.97788
tto,2010,16562216.65277
tto,2011,20145716.10811
tto,2012,21011562.05992
tto,2013,22332582.50157
tto,2014,22976607.04247
tto,2015,21527977.68736
tto,2016,21066363.42195
tun,1990,99069508.2084
tun,1991,98491668.11938
tun,1992,105731368.99653
tun,1993,94253677.66564
tun,1994,93905845.42883
tun,1995,101430815.35212
tun,1996,101173123.81395
tun,1997,99787676.40304
tun,1998,96767574.50921
tun,1999,93439808.99328
tun,2000,81713250.5505
tun,2001,78903980.06135
tun,2002,78804879.02266
tun,2003,86515861.94508
tun,2004,89608195.23437
tun,2005,86180762.75213
tun,2006,88522865.86322
tun,2007,96730343.70487
tun,2008,109264991.10892
tun,2009,104907836.01128
tun,2010,105005319.1792
tun,2011,115432550.56345
tun,2012,111990472.32473
tun,2013,114644224.97664
tun,2014,116538591.76891
tun,2015,107241645.99243
tun,2016,103683148.63927
tur,1990,1562134811.29132
tur,1991,1466915858.25383
tur,1992,1433094423.79436
tur,1993,1437414814.35712
tur,1994,1052841225.82802
tur,1995,1258788634.20905
tur,1996,1216232387.91301
tur,1997,1140490031.26764
tur,1998,1585643530.89106
tur,1999,1478284666.71354
tur,2000,1434465773.76551
tur,2001,1044129789.2553
tur,2002,1035022443.5069
tur,2003,1149167562.23431
tur,2004,1203801062.57906
tur,2005,1203649985.7268
tur,2006,1137477801.07969
tur,2007,1288856631.64671
tur,2008,1450832375.99727
tur,2009,1230923774.95261
tur,2010,1321060803.30152
tur,2011,1339571341.76364
tur,2012,1357743881.39072
tur,2013,1398352367.47867
tur,2014,1366643988.33033
tur,2015,1259071720.39847
tur,2016,1289958577.19107
tza,1990,152548595.46479
tza,1991,169798263.64255
tza,1992,154136814.16569
tza,1993,139516734.43876
tza,1994,143097102.90665
tza,1995,157806426.07827
tza,1996,181522635.312
tza,1997,200054328.44476
tza,1998,226180902.94259
tza,1999,217134461.49966
tza,2000,210712329.35967
tza,2001,200305171.81296
tza,2002,193514527.28818
tza,2003,194464402.44847
tza,2004,198263816.2179
tza,2005,240273375.83585
tza,2006,258125958.71081
tza,2007,275838875.74765
tza,2008,341587197.35112
tza,2009,345367308.89946
tza,2010,365271663.68026
tza,2011,380057081.33132
tza,2012,429580985.77595
tza,2013,460941993.06855
tza,2014,480661112.46504
tza,2015,435489438.84605
tza,2016,429787252.46316
uga,1990,140128122.13206
uga,1991,102971723.61065
uga,1992,86318824.66537
uga,1993,91398761.41649
uga,1994,106869729.22483
uga,1995,143998870.00804
uga,1996,144715623.96231
uga,1997,149650568.76206
uga,1998,155189338.88862
uga,1999,137083510.27309
uga,2000,140357233.98163
uga,2001,130692291.38436
uga,2002,133107012.62211
uga,2003,131754597.7041
uga,2004,158409262.46315
uga,2005,173098048.46836
uga,2006,180586874.55907
uga,2007,208910836.85105
uga,2008,229072265.18534
uga,2009,283035843.81024
uga,2010,306041542.05752
uga,2011,296030294.91102
uga,2012,340970937.71915
uga,2013,363145651.25928
uga,2014,392248699.86128
uga,2015,380021229.2437
uga,2016,323887594.97763
ukr,1990,382597406.88248
ukr,1991,424002758.90803
ukr,1992,443794806.49611
ukr,1993,435593212.64176
ukr,1994,427202209.55087
ukr,1995,393172107.32042
ukr,1996,316971326.52
ukr,1999,167559434.7483
ukr,2000,149510426.85534
ukr,2001,180154899.16638
ukr,2002,197958747.3823
ukr,2003,225874361.8378
ukr,2004,282414070.62062
ukr,2005,434655829.0297
ukr,2007,605239188.82881
ukr,2008,739669058.61009
ukr,2009,536060458.21742
ukr,2010,571429480.95921
ukr,2011,642439687.34431
ukr,2012,667955182.14197
ukr,2013,679552870.62537
ukr,2014,535441290.42547
ukr,2015,393086454.53524
ukr,2016,377562146.1981
ury,1990,21666130.8414
ury,1991,25131232.55815
ury,1992,26735004.95445
ury,1993,29496360.82005
ury,1994,32677282.48887
ury,1995,38666330.65757
ury,1996,38315373.347
ury,1997,40999752.93922
ury,1998,41232095.36452
ury,1999,39701241.09208
ury,2000,38564305.34713
ury,2001,38007637.08923
ury,2002,24859389.62539
ury,2003,19484676.16614
ury,2004,19407468.22811
ury,2005,21314508.20439
ury,2006,23363303.07362
ury,2007,27100242.36159
ury,2008,33507291.31207
ury,2009,34452052.39936
ury,2010,40261664.1217
ury,2011,47340025.87599
ury,2012,48397201.8376
ury,2013,52797138.85769
ury,2014,52172803.23042
ury,2015,48934608.38676
ury,2016,47811081.63117
usa,1990,9630533895.75083
usa,1991,9695606742.51303
usa,1992,10042419251.8346
usa,1993,10112349952.396
usa,1994,10469852895.9519
usa,1995,10716739043.8496
usa,1996,11133088578.5067
usa,1997,11566996117.8813
usa,1998,11831280556.9935
usa,1999,12388801180.84
usa,2000,13241448183.3261
usa,2001,14080973362.3274
usa,2002,14823191856.95539
usa,2003,15561856137.4789
usa,2004,16374935748.7865
usa,2005,17357996752.1054
usa,2006,17650364962.4776
usa,2007,17876781404.6858
usa,2008,18173609250.3614
usa,2009,17849805075.2208
usa,2010,17487453155.4174
usa,2011,18427334317.3212
usa,2012,19591137892.12009
usa,2013,20354937952.7509
usa,2014,21197095789.6972
usa,2015,22077378980.1643
usa,2016,22979561019.2317
uzb,1990,277661569.11179
uzb,1991,286719832.79353
uzb,1992,288677645.36246
uzb,1993,286317638.26188
uzb,1994,284505659.83422
uzb,1995,274501843.64593
uzb,1996,252209610.4041
uzb,1997,236600159.64549
uzb,1998,218443207.49996
uzb,1999,229184316.86857
uzb,2000,172767757.85839
uzb,2001,135016072.07293
uzb,2002,108777568.3834
uzb,2003,108050872.18595
uzb,2004,119566944.5018
uzb,2005,134641228.62683
uzb,2006,154981345.85939
uzb,2007,186189677.41121
uzb,2008,234365154.99099
uzb,2009,256978245.84922
uzb,2010,288674154.92375
uzb,2011,332393678.13015
uzb,2012,365925533.95162
uzb,2013,395841019.38123
uzb,2014,418945297.56054
uzb,2015,430374465.76152
uzb,2016,419440879.15632
vct,1990,1764793.71319
vct,1991,1796139.88143
vct,1992,1807922.46405
vct,1993,1782133.64866
vct,1994,1815528.33439
vct,1995,1829354.47237
vct,1996,1799591.81485
vct,1997,1672855.28481
vct,1998,1602818.39821
vct,1999,1506174.91706
vct,2000,1378546.3476
vct,2001,1402494.15067
vct,2002,1330450.12415
vct,2003,1214981.62918
vct,2004,1193611.7233
vct,2005,1159421.80562
vct,2006,1141429.34693
vct,2007,1220386.05351
vct,2008,1208856.26419
vct,2009,1196497.41375
vct,2010,1231833.31478
vct,2011,1243858.16453
vct,2012,1277809.64454
vct,2013,1309559.45458
vct,2014,1307392.09714
vct,2015,1370075.1626
vct,2016,1410976.3266
ven,1990,175623145.08267
ven,1991,178398140.04553
ven,1992,190120750.24215
ven,1993,186696654.22782
ven,1994,184062487.79144
ven,1995,238141971.62513
ven,1996,213551322.5205
ven,1997,239546961.4056
ven,1998,254464855.66056
ven,1999,280038302.50086
ven,2000,312142077.18442
ven,2001,316115586.24969
ven,2002,255380796.62934
ven,2003,225605198.88954
ven,2004,240765517.73133
ven,2005,268631559.64369
ven,2006,304605641.72207
ven,2007,358933513.15519
ven,2008,486776525.65002
ven,2009,560394256.9757
ven,2010,680384396.4312
ven,2011,539774429.96551
ven,2012,633064177.74718
ven,2013,626086512.78927
ven,2014,844143138.31191
vir,1990,3565374.47082
vir,1991,3763099.15053
vir,1992,3922870.2844
vir,1993,4151435.13829
vir,2002,6974539.88921
vir,2003,7419807.66591
vir,2004,7834345.29324
vir,2005,8762028.08566
vir,2006,8562372.22807
vir,2007,8941801.29053
vir,2008,7946312.49456
vir,2009,8567759.99703
vir,2010,8815548.22277
vir,2011,9457629.23088
vir,2012,10475375.80329
vir,2013,9809356.12353
vir,2014,9049993.55163
vir,2015,8854277.69587
vnm,1990,50599245.61938
vnm,1991,72085960.23887
vnm,1992,68310242.5732
vnm,1993,84988323.99216
vnm,1994,95577987.74612
vnm,1995,112909239.72765
vnm,1996,125395189.23014
vnm,1997,128717904.58198
vnm,1998,124485461.43004
vnm,1999,127938883.31615
vnm,2000,131542114.19311
vnm,2001,131643453.27636
vnm,2002,135001396.24036
vnm,2003,146497157.62915
vnm,2004,161083520.4614
vnm,2005,196431941.26395
vnm,2006,218753909.08287
vnm,2007,248858057.59402
vnm,2008,313775610.22915
vnm,2009,326826978.71702
vnm,2010,346911561.6333
vnm,2011,394123355.31887
vnm,2012,443050318.9974
vnm,2013,473225065.33383
vnm,2014,495983394.55714
vnm,2015,496108722.80799
vnm,2016,509087577.94194
vut,1990,3881769.35616
vut,1991,4656945.51963
vut,1992,4880903.46741
vut,1993,4805483.70708
vut,1994,5377104.54169
vut,1995,5904675.05101
vut,1996,6252129.70943
vut,1997,6394088.33934
vut,1998,6637743.33015
vut,1999,6935892.23669
vut,2000,6981165.87528
vut,2001,7016299.77194
vut,2002,7579825.3146
vut,2003,8756151.41491
vut,2004,9795412.34254
vut,2005,10015785.14972
vut,2006,10405314.73065
vut,2007,11964262.7848
vut,2008,13190968.97129
vut,2009,13106781.37207
vut,2010,15151420.95498
vut,2011,16945909.49341
vut,2012,16688829.4563
vut,2013,16806970.79235
vut,2014,16657646.82234
vut,2015,15218858.27122
vut,2016,15312628.66153
wsm,1990,1106320.61611
wsm,1991,1060377.45933
wsm,1992,1078362.29473
wsm,1993,1032015.43784
wsm,1994,1742203.13076
wsm,1995,1642024.06801
wsm,1996,1747987.14328
wsm,1997,2073831.80928
wsm,1998,1989072.51021
wsm,1999,1916152.36732
wsm,2000,1881503.30025
wsm,2001,1809821.23092
wsm,2002,1833789.5253
wsm,2003,2064710.05306
wsm,2004,2453470.63159
wsm,2005,2625612.75799
wsm,2006,2757906.44983
wsm,2007,2894683.13038
wsm,2008,3383063.9799
wsm,2009,3090371.61635
wsm,2010,3600640.91516
wsm,2011,3925767.6054
wsm,2012,4222853.13275
wsm,2013,4351599.26448
wsm,2014,4259185.99155
wsm,2015,4138287.69585
wsm,2016,3760152.01363
yem,1990,412686955.98458
yem,1991,420791256.49771
yem,1992,409048193.3589
yem,1993,316205063.00789
yem,1994,226529819.47387
yem,1995,206563049.693
yem,1996,242560977.22462
yem,1997,252067672.28763
yem,1998,206659551.97264
yem,1999,223704809.07838
yem,2000,253356473.24169
yem,2001,242401136.2438
yem,2002,247300263.24153
yem,2003,252623448.49163
yem,2004,275781681.88389
yem,2005,300202067.36989
yem,2006,319241922.0314
yem,2007,344981363.21264
yem,2008,413182307.20215
yem,2009,372027635.37699
yem,2010,433356638.88584
yem,2011,519609693.43881
yem,2012,543914858.13195
yem,2013,589176916.85525
yem,2014,617589335.42229
yem,2015,670244615.4117
yem,2016,488831249.2856
zaf,1990,1850603082.74631
zaf,1991,1915470701.3842
zaf,1992,1986146646.42404
zaf,1993,1876392545.57507
zaf,1994,1779459571.82497
zaf,1995,1753760546.44188
zaf,1996,1593997462.90159
zaf,1997,1626979347.97555
zaf,1998,1493434384.36262
zaf,1999,1503806582.79026
zaf,2000,1515074462.32225
zaf,2001,1308048344.80732
zaf,2002,1184794433.7467
zaf,2003,1728121059.60598
zaf,2004,1971812405.57576
zaf,2005,2049973058.23503
zaf,2006,1940758490.9461
zaf,2007,1877233519.55861
zaf,2008,1788016604.18372
zaf,2009,1684877142.01582
zaf,2010,1911602940.26823
zaf,2011,2044939932.54422
zaf,2012,1950458711.69661
zaf,2013,1805211609.73828
zaf,2014,1697793166.45262
zaf,2015,1488727979.71193
zaf,2016,1339374125.1379
zmb,1990,192758460.80541
zmb,1991,194293016.77408
zmb,1992,167816512.22267
zmb,1993,148810472.98277
zmb,1994,170207109.6539
zmb,1995,155952489.14796
zmb,1996,123864124.9203
zmb,1997,135372227.19214
zmb,1998,107256393.39208
zmb,1999,95757362.54966
zmb,2000,95150739.31806
zmb,2001,103035698.5329
zmb,2002,102336732.64254
zmb,2003,114814043.88497
zmb,2004,141057341.18223
zmb,2005,182425251.07256
zmb,2006,262089916.27916
zmb,2007,269226630.36182
zmb,2008,321921598.9608
zmb,2009,266722290.88974
zmb,2010,339526393.59419
zmb,2011,394615992.1607
zmb,2012,415508753.34959
zmb,2013,456527466.58116
zmb,2014,433382216.13672
zmb,2015,329675536.49117
zmb,2016,312188065.97725
zwe,1990,125721018.71031
zwe,1991,117809573.50674
zwe,1992,96611292.62479
zwe,1993,89247738.7345
zwe,1994,83244631.29345
zwe,1995,80914108.2755
zwe,1996,90705444.3539
zwe,1997,92156853.70396
zwe,1998,69389479.87347
zwe,1999,76865688.60984
zwe,2000,80708825.55804
zwe,2001,80991578.83071
zwe,2002,80190886.27046
zwe,2003,80564460.82512
zwe,2004,76812400.38307
zwe,2005,72084819.91819
zwe,2006,61840045.38169
zwe,2007,57165389.41424
zwe,2008,54799418.22587
zwe,2009,93738836.13353
zwe,2010,99519056.68118
zwe,2011,104746121.2346
zwe,2012,112273620.87336
zwe,2013,124067787.52657
zwe,2014,134199558.17027
zwe,2015,141188721.50939
zwe,2016,143839846.6697
