geo,time,bx_gsr_gnfs_cd
abw,1986,246424581.00559
abw,1987,305195530.72626
abw,1988,413575418.99441
abw,1989,458826815.64246
abw,1990,566480446.92737
abw,1991,1351452513.96648
abw,1992,1640391061.45251
abw,1993,1758435754.18994
abw,1994,1921005586.59218
abw,1995,1992346368.71508
abw,1996,2505586592.17877
abw,1997,2544413407.82123
abw,1998,2056871508.37989
abw,1999,1250340782.12291
abw,2000,1815620111.73184
abw,2001,2018206703.91061
abw,2002,1448782122.90503
abw,2003,1766139664.80447
abw,2004,4687899441.34078
abw,2005,5724017205.21808
abw,2006,6026262570.79612
abw,2007,6677821229.05028
abw,2008,7059664804.46927
abw,2009,3490111731.84358
abw,2010,1824636871.50838
abw,2011,6861117318.43575
abw,2012,3151005586.59218
abw,2013,2162036796.64804
abw,2014,2299628836.31285
abw,2015,2437130635.75419
abw,2016,2346070251.95531
afg,1979,568800000
afg,1980,740800000
afg,1981,722700000
afg,1982,756800000
afg,1983,778500000
afg,1984,821100000
afg,1985,668200000
afg,1986,526300000
afg,1987,574300000
afg,1988,523400000
afg,1989,260500000
afg,2008,1854463094.95209
afg,2009,2112273589.17446
afg,2010,2552195474.87345
afg,2011,3044547567.77067
afg,2012,2315456046.43741
afg,2013,1386365928.6069
afg,2014,1986522178.47749
afg,2015,1413273687.37726
afg,2016,1123142684.78341
afg,2017,1147702623.73978
ago,1985,2430000000
ago,1986,1462000000
ago,1987,2415000000
ago,1988,2620000000
ago,1989,3164000000
ago,1990,3992400000
ago,1991,3620600000
ago,1992,3975659000
ago,1993,3006300000
ago,1994,3166800000
ago,1995,3835758000
ago,1996,5362659000
ago,1997,5145300000
ago,1998,3664700000
ago,1999,5309510000
ago,2000,8187990000
ago,2001,6736820000
ago,2002,8534680110
ago,2003,9709260555.5
ago,2004,13797769756
ago,2005,24286236864.58999
ago,2006,33346469287.82
ago,2007,44706905586.81999
ago,2008,64243391219.74001
ago,2009,41451146946.8
ago,2010,51451730498.67
ago,2011,68042543017.49188
ago,2012,71873279931.50148
ago,2013,69562221910.0981
ago,2014,60851231669.6018
ago,2015,34437293543.5047
ago,2016,28299767212.9401
ago,2017,35598035305.5607
ago,2018,41388891319.46049
alb,1980,378100000
alb,1981,430000000
alb,1982,373100000
alb,1983,354000000
alb,1984,334500000
alb,1985,318500000
alb,1986,327300000
alb,1987,333500000
alb,1988,374200000
alb,1989,433900000
alb,1990,353600000
alb,1991,82200000
alb,1992,90300000
alb,1993,189200000
alb,1994,220400000
alb,1995,303700000
alb,1996,372900000
alb,1997,99380000
alb,1998,137130000
alb,1999,389500000
alb,2000,554500000
alb,2001,658200000
alb,2002,667180000
alb,2003,846770660.90475
alb,2004,1249817713.79305
alb,2005,1460772256.90119
alb,2006,1869568360.54437
alb,2007,2464394201.34943
alb,2008,3281842734.12889
alb,2009,3058955246.34378
alb,2010,3324918546.15735
alb,2011,3773677817.45889
alb,2012,3556946492.64955
alb,2013,3700449626.65962
alb,2014,3731055573.79451
alb,2015,3102939345.72801
alb,2016,3439162543.96093
alb,2017,4141086714.11364
alb,2018,4776775980.6475
arg,1976,4632000000
arg,1977,6602000000
arg,1978,7488000000
arg,1979,9179000000
arg,1980,9897000000
arg,1981,10859000000
arg,1982,9197000000
arg,1983,9290000000
arg,1984,9611000000
arg,1985,10047000000
arg,1986,8449000000
arg,1987,8154000000
arg,1988,11149000000
arg,1989,11766000000
arg,1990,14800000000
arg,1991,14386000000
arg,1992,15366200000
arg,1993,16286160000
arg,1994,19355700000
arg,1995,24956432000
arg,1996,28424754642.4929
arg,1997,31003771471.3552
arg,1998,31255969562.6126
arg,1999,27997318724.6817
arg,2000,31236920314.834
arg,2001,31116753076.8311
arg,2002,29054500000
arg,2003,34336010000
arg,2004,39757250000
arg,2005,46892210000
arg,2006,54528515092.9204
arg,2007,66122298496.1757
arg,2008,81583621071.77638
arg,2009,66335605323.63481
arg,2010,81123016360.60878
arg,2011,97616690275.3835
arg,2012,94330755729.55769
arg,2013,89608120129.44519
arg,2014,81836807734.72639
arg,2015,70022565842.9763
arg,2016,71384640574.7552
arg,2017,73390804711.2403
arg,2018,75766184822.06488
arm,1993,173470000
arm,1994,229020000
arm,1995,303619740
arm,1996,369749357.82188
arm,1997,335112773.80822
arm,1998,359079981.19109
arm,1999,385802706.63242
arm,2000,454174297.21458
arm,2001,561984358.29561
arm,2002,747565570.88056
arm,2003,981741374.92529
arm,2004,1117371715.11988
arm,2005,1458848046.08668
arm,2006,1646706743.23362
arm,2007,1968449652.25257
arm,2008,1943627882.74354
arm,2009,1559300543.60909
arm,2010,2210672987.38497
arm,2011,2742201909.0729
arm,2012,2917371358.54345
arm,2013,3155257884.77128
arm,2014,3318345442.34713
arm,2015,3136322622.58439
arm,2016,3500383601.99495
arm,2017,4306763806.84152
arm,2018,4668977890.58528
atg,1977,31300000
atg,1978,42100000
atg,1979,50200000
atg,1980,104100000
atg,1981,103900000
atg,1982,101000000
atg,1983,99300000
atg,1984,167300000
atg,1985,178600000
atg,1986,205892592.59259
atg,1987,226985185.18518
atg,1988,265525925.92593
atg,1989,290937037.03704
atg,1990,345300000
atg,1991,369862962.96296
atg,1992,407370370.37037
atg,1993,439166666.66667
atg,1994,436459259.25926
atg,1995,401607407.40741
atg,1996,402522222.22222
atg,1997,443288888.88889
atg,1998,465900000
atg,1999,472832108.51852
atg,2000,466861909.62963
atg,2001,445334074.07407
atg,2002,427865302.22222
atg,2003,462637943.7037
atg,2004,533973111.11111
atg,2005,545269385.18518
atg,2006,548169825.55556
atg,2007,581289324.07407
atg,2008,625368677.40741
atg,2009,561623502.22222
atg,2010,523833886.66667
atg,2011,537755738.88889
atg,2012,541549686.66667
atg,2013,529183396.2963
atg,2014,1027283911.97305
atg,2015,1015528213.83166
atg,2016,1036637687.12222
atg,2017,1138880409.6556
aus,1989,46338431721.57869
aus,1990,50111728311.0239
aus,1991,53635948088.16849
aus,1992,54572911594.4656
aus,1993,55290810029.5253
aus,1994,62036906626.4009
aus,1995,70182584496.6265
aus,1996,79842872962.30569
aus,1997,84393594743.4521
aus,1998,73133991014.8336
aus,1999,74820158381.93202
aus,2000,83989348863.10559
aus,2001,81575692194.64488
aus,2002,84497680537.51871
aus,2003,94088600035.37248
aus,2004,114901826681.72697
aus,2005,137448890573.078
aus,2006,157748983800.88501
aus,2007,182994104398.62097
aus,2008,232680429205.08801
aus,2009,195104905304.23502
aus,2010,260249450614.58002
aus,2011,324140478278.65393
aus,2012,311985984116.93304
aus,2013,307257830406.13495
aus,2014,297177078853.11487
aus,2015,243111312858.22995
aus,2016,250935913792.70206
aus,2017,296717589433.39697
aus,2018,327143693504.35101
aut,2005,159058959735.97504
aut,2006,175028003699.20898
aut,2007,211313160223.64301
aut,2008,235876302206.07001
aut,2009,185637475393.26001
aut,2010,197801804471.36996
aut,2011,229323222520.52997
aut,2012,218171494112.034
aut,2013,228883573008.92798
aut,2014,236025285697.12701
aut,2015,202327953729.24802
aut,2016,205930623371.37296
aut,2017,224088155919.91696
aut,2018,253547937882.31009
aze,1995,784709000
aze,1996,792925000
aze,1997,1150053000
aze,1998,1009435000
aze,1999,1282021000
aze,2000,2118103000
aze,2001,2368762000
aze,2002,2655143000
aze,2003,3038268000
aze,2004,4123270000
aze,2005,8139524000
aze,2006,13714380000
aze,2007,22355216000
aze,2008,31889127000
aze,2009,22759265000
aze,2010,28234775000
aze,2011,37038851000
aze,2012,36685877000
aze,2013,35912069000
aze,2014,32556819000
aze,2015,20030038000
aze,2016,17578801000
aze,2017,19840498000
aze,2018,25484473000
bdi,1985,126803421.14101
bdi,1986,140876301.8659
bdi,1987,110250707.12439
bdi,1988,136279782.04352
bdi,1989,108560924.36975
bdi,1990,89439506.77959
bdi,1991,118614366.03798
bdi,1992,94426059.51596
bdi,1993,88503995.38677
bdi,1994,95578093.30629
bdi,1995,129337457.33361
bdi,1996,50933673.91879
bdi,1997,92701923.509
bdi,1998,68482223.7814
bdi,1999,59424642.34224
bdi,2000,53027631.56678
bdi,2001,44386285.35643
bdi,2002,38527028.854
bdi,2003,44835399.30908
bdi,2004,64258424.92506
bdi,2005,95594381.23
bdi,2006,93167621.58829
bdi,2007,89631590.17075
bdi,2008,152972423.24974
bdi,2009,118346013.28397
bdi,2010,180727849.85829
bdi,2011,235664407.56816
bdi,2012,224157323.47664
bdi,2013,221061620.73062
bdi,2014,204052969.38947
bdi,2015,178137758.86917
bdi,2016,197538494.08124
bdi,2017,236506697.20262
bel,2002,195603629356.07297
bel,2003,218351604687.311
bel,2004,261288090927.25497
bel,2005,285320318752.41199
bel,2006,307418057276.198
bel,2007,361771442732.30707
bel,2008,412434789679.04297
bel,2009,333833434728.81494
bel,2010,369973500210.99896
bel,2011,428967525679.53607
bel,2012,407350140128.44403
bel,2013,426074562148.52002
bel,2014,435786838193.92499
bel,2015,367197539644.71503
bel,2016,388575241108.89093
bel,2017,424458142240.9129
bel,2018,466350830471.97803
ben,1974,114999847.2055
ben,1975,144228368.66463
ben,1976,116689442.6627
ben,1977,161608802.7255
ben,1978,164236816.01522
ben,1979,176267911.66465
ben,1980,226240536.64907
ben,1981,454846131.50224
ben,1982,183365348.36175
ben,1983,182464437.72676
ben,1984,282142394.54997
ben,1985,335438290.06162
ben,1986,380299609.81961
ben,1987,457182310.53848
ben,1988,304546390.64002
ben,1989,288377450.20326
ben,1990,363861227.68323
ben,1991,519520775.36436
ben,1992,501126969.64494
ben,1993,540046994.45108
ben,1994,540072881.85104
ben,1995,614265785.66557
ben,1996,649018517.65836
ben,1997,540015315.05607
ben,1998,556604987.31583
ben,1999,598306187.0155
ben,2000,528383618.26135
ben,2001,520613441.61222
ben,2002,600015319.9623
ben,2003,713160660.9849
ben,2004,784188931.24149
ben,2005,771878274.59658
ben,2006,952527100.52346
ben,2007,1348294986.16884
ben,2008,1630217579.92951
ben,2009,1445501517.86237
ben,2010,1657993333.49441
ben,2011,1661963248.8541
ben,2012,1876559799.91622
ben,2013,2496261955.55523
ben,2014,3040837804.94136
ben,2015,2033725085.14144
ben,2016,2128418600.19494
ben,2017,2548826096.41095
bfa,2005,545191219.41973
bfa,2006,667685224.07096
bfa,2007,740570832.14441
bfa,2008,983858484.30537
bfa,2009,1053018712.60405
bfa,2010,1889094303.28424
bfa,2011,2814569557.63071
bfa,2012,3289057293.75848
bfa,2013,3158949582.43633
bfa,2014,3207963251.93926
bfa,2015,2753817493.02808
bfa,2016,3270175853.74986
bfa,2017,3721949311.22967
bgd,1976,467262944.98313
bgd,1977,540578504.85181
bgd,1978,650265105.9791
bgd,1979,788218311.36623
bgd,1980,1004709656.55105
bgd,1981,1001600803.94111
bgd,1982,986625599.10587
bgd,1983,939854200.15246
bgd,1984,1139222872.74447
bgd,1985,1237344493.28888
bgd,1986,1095032074.21785
bgd,1987,1324819825.82589
bgd,1988,1568667896.20014
bgd,1989,1639169507.28231
bgd,1990,2063969775.45561
bgd,1991,2119707774.6452
bgd,1992,2581218358.8652
bgd,1993,3074085651.08407
bgd,1994,3524210922.06134
bgd,1995,4431482121.62782
bgd,1996,4614125018.07103
bgd,1997,5527210689.01858
bgd,1998,5865374133.36452
bgd,1999,6235944784.90486
bgd,2000,7214255771.62451
bgd,2001,6836930334.2454
bgd,2002,6885020099.52858
bgd,2003,7928264010.95381
bgd,2004,9117424421.48158
bgd,2005,11187053056.6165
bgd,2006,12887525768.4106
bgd,2007,14090342485.2356
bgd,2008,17495074302.4983
bgd,2009,17047455387.7291
bgd,2010,21654463975.06791
bgd,2011,26990086630.4744
bgd,2012,27591054728.5413
bgd,2013,31635199879.29109
bgd,2014,33057235033.70949
bgd,2015,34969256093.9049
bgd,2016,37662675681.5369
bgd,2017,39161181303.4362
bgr,1980,9302000000
bgr,1981,9336000000
bgr,1982,9101000000
bgr,1983,9888000000
bgr,1984,10944000000
bgr,1985,11360000000
bgr,1986,9820000000
bgr,1987,11455000000
bgr,1988,10469000000
bgr,1989,9491000000
bgr,1990,6950000000
bgr,1991,4136900000
bgr,1992,5026700000
bgr,1993,4897800000
bgr,1994,5192000000
bgr,1995,6776400000
bgr,1996,6256200000
bgr,1997,4819300000
bgr,1998,5981308215.22457
bgr,1999,5794774757.88308
bgr,2000,6999800874.57993
bgr,2001,7247750923.88513
bgr,2002,7542363841.44917
bgr,2003,10024378359.2237
bgr,2004,13941336114.1205
bgr,2005,16158234956.9208
bgr,2006,20390736123.7392
bgr,2007,26298044351.4027
bgr,2008,30446201630.9215
bgr,2009,23264921370.5227
bgr,2010,25303890000
bgr,2011,34031110000
bgr,2012,32664150000
bgr,2013,35980160000
bgr,2014,36915650000
bgr,2015,32040440000
bgr,2016,34083040000
bgr,2017,39395699999.99999
bgr,2018,42260600000
bhr,1975,1359292038.83513
bhr,1976,1719417175.34647
bhr,1977,2104637942.89053
bhr,1978,2256013633.27028
bhr,1979,2812764095.22512
bhr,1980,3766045400.71911
bhr,1981,4538031926.96285
bhr,1982,4262526607.08119
bhr,1983,3486170222.03769
bhr,1984,4017819153.38854
bhr,1985,3808244680.85106
bhr,1986,2963829787.23404
bhr,1987,3293085106.38298
bhr,1988,3313031914.89362
bhr,1989,3640691489.3617
bhr,1990,4119148936.17021
bhr,1991,3924468085.10638
bhr,1992,4008244680.85106
bhr,1993,4375266083.50722
bhr,1994,4435638710.76424
bhr,1995,4797606755.13351
bhr,1996,5368351527.84953
bhr,1997,5020213233.26453
bhr,1998,3994947206.94287
bhr,1999,5221705114.14589
bhr,2000,7176122542.28723
bhr,2001,6606378405.85106
bhr,2002,6956041298.3156
bhr,2003,7980662118.35106
bhr,2004,10336728457.2695
bhr,2005,13396925785.8156
bhr,2006,15662270455.5851
bhr,2007,17314361702.1277
bhr,2008,21231382978.7234
bhr,2009,15704787234.04259
bhr,2010,17880319148.9362
bhr,2011,22946010638.2979
bhr,2012,31409042553.19151
bhr,2013,34102925531.9149
bhr,2014,32069148936.1702
bhr,2015,25652925531.9149
bhr,2016,23782180851.0638
bhr,2017,26732180851.0638
bhs,1976,667500000
bhs,1977,683800000
bhs,1978,807500000
bhs,1979,917800000
bhs,1980,1123100000
bhs,1981,1119600000
bhs,1982,1111000000
bhs,1983,1224000000
bhs,1984,1285000000
bhs,1985,1492400000
bhs,1986,1564000000
bhs,1987,1590400000
bhs,1988,1586000000
bhs,1989,1695300000
bhs,1990,1783600000
bhs,1991,1583400000
bhs,1992,1606200000
bhs,1993,1651200000
bhs,1994,1709100000
bhs,1995,1767700000
bhs,1996,1851500000
bhs,1997,1887900000
bhs,1998,1895900000
bhs,1999,2207400000
bhs,2000,2438020000
bhs,2001,2221300000
bhs,2002,2483859056.45
bhs,2003,2481190000
bhs,2004,2721540000
bhs,2005,3060036585.259
bhs,2006,3139620000
bhs,2007,3401214138.25
bhs,2008,3489746562.6
bhs,2009,3061537000
bhs,2010,3196008000
bhs,2011,3327147000
bhs,2012,3675394600
bhs,2013,3626154000
bhs,2014,3558745982.95
bhs,2015,3416036338.575
bhs,2016,3374172978.1306
bhs,2017,3409412213.07961
bih,1998,1124011275.03494
bih,1999,1295465925.77392
bih,2000,1579790181.38747
bih,2001,1630974329.54227
bih,2002,1633872801.0059
bih,2003,2198490326.47348
bih,2004,2950216686.35459
bih,2005,3544270729.86483
bih,2006,4521180072.90518
bih,2007,4287589229.72557
bih,2008,5168278490.91307
bih,2009,4430602468.25145
bih,2010,5094442709.99652
bih,2011,5980702786.3492
bih,2012,5566123838.72272
bih,2013,6133467167.14973
bih,2014,6307052949.82694
bih,2015,5651942045.63614
bih,2016,6031639707.26672
bih,2017,7287749424.04296
bih,2018,8180125346.50029
blr,1993,2155000000
blr,1994,2761400000
blr,1995,5269100000
blr,1996,6698100000
blr,1997,7837500000
blr,1998,7097400000
blr,1999,6399700000
blr,2000,7047800000
blr,2001,7833200000
blr,2002,8604200000
blr,2003,10881500000
blr,2004,14976900000
blr,2005,17536300000
blr,2006,21569300000
blr,2007,26851400000
blr,2008,36217200000
blr,2009,24310300000
blr,2010,29301700000
blr,2011,46537100000
blr,2012,51886000000
blr,2013,44046099999.99999
blr,2014,43302899999.99999
blr,2015,32797800000
blr,2016,29926900000
blr,2017,36529500000.00001
blr,2018,41970200000
blz,1984,128600000
blz,1985,128250000
blz,1986,135400000
blz,1987,158800000
blz,1988,193850000
blz,1989,210250000
blz,1990,244550000
blz,1991,248800000
blz,1992,283200000
blz,1993,282500000
blz,1994,277611000
blz,1995,297358000
blz,1996,309145000
blz,1997,331240000
blz,1998,326610000
blz,1999,399464387.61
blz,2000,423702769.09625
blz,2001,425353573.78203
blz,2002,479150897.82913
blz,2003,515746792.02084
blz,2004,528057030.85738
blz,2005,615000628.89128
blz,2006,775964114.00077
blz,2007,816351071.60087
blz,2008,866565798.0041
blz,2009,728299880.17164
blz,2010,829575933.439
blz,2011,943767027.43949
blz,2012,1034414459.16485
blz,2013,1056127152.13127
blz,2014,1083001281.51282
blz,2015,1033644191.97502
blz,2016,968526944.16416
blz,2017,1038987204.12465
blz,2018,1077282129.40492
bmu,2006,1617760000
bmu,2007,1630938333.21191
bmu,2008,1488205917.96382
bmu,2009,1355406014.62522
bmu,2010,1416064408.86253
bmu,2011,1470443894.71498
bmu,2012,1399876565.10677
bmu,2013,1391041517.63726
bmu,2014,1351568514.99486
bmu,2015,1259589527.3189
bmu,2016,1313493631.62608
bmu,2017,1395210434.67126
bol,1976,623400000
bol,1977,695100000
bol,1978,703500000
bol,1979,865000000
bol,1980,1030100000
bol,1981,1005400000
bol,1982,910000000
bol,1983,858100000
bol,1984,818000000
bol,1985,719900000
bol,1986,666600000
bol,1987,650200000
bol,1988,670800000
bol,1989,866800000
bol,1990,976700000
bol,1991,917300000
bol,1992,773000000
bol,1993,896900000
bol,1994,1181100000
bol,1995,1233800000
bol,1996,1312930000
bol,1997,1413840000
bol,1998,1355200000
bol,1999,1310600000
bol,2000,1470024096.03
bol,2001,1520698269.97172
bol,2002,1555312119.06189
bol,2003,1961205035.63242
bol,2004,2562015186.20425
bol,2005,3279393006.37881
bol,2006,4349355086.50369
bol,2007,4954735466.57491
bol,2008,7023072797.03459
bol,2009,5429960000
bol,2010,6836994924.1346
bol,2011,9122873526.42334
bol,2012,12257994961.9127
bol,2013,12752655397.1568
bol,2014,14007156664.5106
bol,2015,9927413077.01441
bol,2016,8274686876.44537
bol,2017,9544132461.79468
bol,2018,10344781434.908
bra,1975,9552000000
bra,1976,10979000000
bra,1977,13130000000
bra,1978,13823000000
bra,1979,16719000000
bra,1980,21869000000
bra,1981,25541000000
bra,1982,21982000000
bra,1983,23622000000
bra,1984,28949000000
bra,1985,27720000000
bra,1986,24164000000
bra,1987,28162000000
bra,1988,36052000000
bra,1989,37507000000
bra,1990,35170000000
bra,1991,34938000000
bra,1992,39881000000
bra,1993,43595000000
bra,1994,49010000000
bra,1995,52641000000
bra,1996,52506000000
bra,1997,59178000000
bra,1998,58767000000
bra,1999,54563000000
bra,2000,63716723040.9693
bra,2001,66517202823.9496
bra,2002,68943055575.7244
bra,2003,82570023303.5733
bra,2004,107984756804.627
bra,2005,133005199276.194
bra,2006,156303207937.52896
bra,2007,184603323407.86798
bra,2008,228392969446.02893
bra,2009,180723090100
bra,2010,231995637790.94998
bra,2011,292487960972.71503
bra,2012,281099514398.14001
bra,2013,279587813724.59009
bra,2014,264063098515.125
bra,2015,223884769813.38498
bra,2016,217753196279.63004
bra,2017,251721061711.33997
bra,2018,273056516944.71005
brb,1970,93699999.95315
brb,1971,103095072.46671
brb,1972,117369626.82463
brb,1973,138626558.27166
brb,1974,177525088.91461
brb,1975,205957144.71392
brb,1976,197100000
brb,1977,248200000
brb,1978,313750000
brb,1979,421150000
brb,1980,574100000
brb,1981,547150000
brb,1982,619500000
brb,1983,681850000
brb,1984,797750000
brb,1985,795550000
brb,1986,751950000
brb,1987,686200000
brb,1988,778350000
brb,1989,888750000
brb,1990,872850000
brb,1991,824100000
brb,1992,810762785
brb,1993,877377527.2
brb,1994,997359597
brb,1995,1065458604.2
brb,1996,1167676183.4
brb,1997,1193482741.265
brb,1998,1229917965.5
brb,1999,1234894440.68
brb,2000,1294570763
brb,2001,1261435145.15
brb,2002,1216198660.65
brb,2003,1339948670.11667
brb,2004,1415739093.25961
brb,2005,1815066631.01016
brb,2006,2113510169.86742
brb,2007,2226169464.725
brb,2008,2312046053.6795
brb,2009,1883867430.21
brb,2010,2068867285.2434
brb,2011,2154644367.9054
brb,2012,2103409846.0352
brb,2013,2320126337.87485
brn,2001,4125731309.131
brn,2002,4135579443.15039
brn,2003,4860307891.40582
brn,2004,5613073006.10381
brn,2005,6857071420.58467
brn,2006,8371474050.7876
brn,2007,8504938837.00846
brn,2008,11564949952.7002
brn,2009,8086792762.52575
brn,2010,9261650665.53031
brn,2011,12877940242.249
brn,2012,13364678877.7238
brn,2013,12328064821.1666
brn,2014,11668217281.5374
brn,2015,6773193238.17223
brn,2016,5342041396.27606
brn,2017,6025744289.57607
btn,2006,363738082.54573
btn,2007,636741509.7687
btn,2008,653637755.39374
btn,2009,574268848.32648
btn,2010,590485064.36473
btn,2011,745573125.52314
btn,2012,729034440.58647
btn,2013,667794405.57127
btn,2014,659145142.49411
btn,2015,706946117.87684
btn,2016,642339520.1202
btn,2017,716346961.25648
btn,2018,781840980.24584
bwa,1975,172817673.04377
bwa,1976,216545054.38529
bwa,1977,243004514.75665
bwa,1978,273861116.03701
bwa,1979,503308767.00801
bwa,1980,645372962.32799
bwa,1981,498363686.57469
bwa,1982,563098043.25785
bwa,1983,753287027.72619
bwa,1984,784905214.98211
bwa,1985,803914011.00319
bwa,1986,952508078.89518
bwa,1987,1711733935.43251
bwa,1988,1579251744.85771
bwa,1989,1930134172.20083
bwa,1990,2004874227.28806
bwa,1991,2081020071.99072
bwa,1992,1933142945.17058
bwa,1993,1913477709.10929
bwa,1994,2060458261.62151
bwa,1995,2420562680.51203
bwa,1996,2380511682.52179
bwa,1997,3030020844.95572
bwa,1998,2315517714.65352
bwa,1999,2989367744.89594
bwa,2000,2999881513.79601
bwa,2001,2671093199.89585
bwa,2002,2836790168.83394
bwa,2003,3667388019.87313
bwa,2004,4439949304.99871
bwa,2005,5269906559.87039
bwa,2006,5297061556.05195
bwa,2007,6011239817.30459
bwa,2008,5442835027.96213
bwa,2009,4178002818.13028
bwa,2010,5345575405.6939
bwa,2011,7353300952.3205
bwa,2012,7339705897.5214
bwa,2013,8848229564.3972
bwa,2014,9512376707.46551
bwa,2015,7243978221.72533
bwa,2016,8240851062.01345
bwa,2017,6957486597.49297
caf,1977,127861608.90631
caf,1978,142978781.78989
caf,1979,157243049.31915
caf,1980,201027496.08987
caf,1981,169417266.81961
caf,1982,165958497.60033
caf,1983,159064294.03245
caf,1984,149211592.60134
caf,1985,177837940.42975
caf,1986,185489185.54573
caf,1987,196734798.34715
caf,1988,195989085.4187
caf,1989,213659017.99237
caf,1990,219613415.48881
caf,1991,176110539.82967
caf,1992,160994786.68837
caf,1993,181718926.59989
caf,1994,179033067.94372
can,1960,6935104204.23144
can,1961,7178117325.11185
can,1962,7403822268.40182
can,1963,8059572362.3824
can,1964,9358848109.88486
can,1965,9955964208.68471
can,1966,11636631699.6043
can,1967,13092680457.6524
can,1968,14963426052.063
can,1969,16486673051.2259
can,1970,19207896864.0529
can,1971,20817575551.6018
can,1972,23965946774.1063
can,1973,29733000547.1104
can,1974,38440249585.9131
can,1975,38092728387.6897
can,1976,44713483712.2795
can,1977,47885251903.27349
can,1978,53410993784.80409
can,1979,63795054481.521
can,1980,74976797707.60518
can,1981,80973478178.03809
can,1982,79104531786.79539
can,1983,85022649589.64598
can,1984,99410584680.3083
can,1985,100630214641.853
can,1986,102041841834.33403
can,1987,112337674244.39198
can,1988,132392897866.36099
can,1989,141581540450.40802
can,1990,148951657623.01498
can,1991,148573324585.608
can,1992,154999074316.98001
can,1993,168101231552.461
can,1994,189390935319.14801
can,1995,218167034827.32895
can,1996,233274147673.983
can,1997,248953304978.07599
can,1998,252994299298.28802
can,1999,283244373066.10999
can,2000,328291427565.67401
can,2001,309767379617.50696
can,2002,303539446398.31293
can,2003,329134918900.37891
can,2004,381825717830.87988
can,2005,430736537026.44794
can,2006,464879428259.54395
can,2007,501610781832.46698
can,2008,535750740804.09595
can,2009,391705508316.17297
can,2010,469263407684.47601
can,2011,546624482077.65594
can,2012,551179609953.78101
can,2013,555776591187.85205
can,2014,567620356154.0321
can,2015,491243458914.80396
can,2016,476504930746.85791
can,2017,511503477894.19812
can,2018,544876293603.50708
che,1977,25280872269.12189
che,1978,34272938443.1823
che,1979,39784054864.47289
che,1980,48595288834.5156
che,1981,46920063888.04489
che,1982,43052232463.20311
che,1983,42396852700.3643
che,1984,45048197993.71161
che,1985,46120567736.68409
che,1986,60829388063.26301
che,1987,70821881828.2915
che,1988,79277660083.3732
che,1989,81700444702.53831
che,1990,97032927612.0435
che,1991,94173420347.63081
che,1992,101111041315.30098
che,1993,97026382575.54367
che,1994,105376537489.23799
che,1995,123319579157.45502
che,1996,121950065128.92299
che,1997,120463029154.64499
che,1998,120631324733.15002
che,1999,121554620876.341
che,2000,140635883090.422
che,2001,140208635251.68799
che,2002,147290092617.47598
che,2003,169650490044.26801
che,2004,203293447627.96201
che,2005,219046491260.35199
che,2006,242418884536.20496
che,2007,291327678221.901
che,2008,347870072595.36688
che,2009,308790997825.52502
che,2010,372127504216.42102
che,2011,453551372130.04211
che,2012,441763613737.95776
che,2013,487795899038.96198
che,2014,450328730887.36896
che,2015,417172683170.05103
che,2016,435778884022.60785
che,2017,437677188940.13696
che,2018,456383666700.14008
chl,1975,1838000000
chl,1976,2413000000
chl,1977,2603000000
chl,1978,2941000000
chl,1979,4620000000
chl,1980,5968000000
chl,1981,5008000000
chl,1982,4642000000
chl,1983,4628000000
chl,1984,4314000000
chl,1985,4496620000
chl,1986,5232260000
chl,1987,6348000000
chl,1988,8144000000
chl,1989,9612650000
chl,1990,10220800000
chl,1991,11068200000
chl,1992,12367400000
chl,1993,11713400000
chl,1994,14444000000
chl,1995,19357900000
chl,1996,20214723966.8928
chl,1997,21762015598.1874
chl,1998,20274816280.1911
chl,1999,21031264413.6656
chl,2000,23293153568.7677
chl,2001,22410169061.2974
chl,2002,22565348603.4456
chl,2003,26728130243.0111
chl,2004,39052608176.4216
chl,2005,48965742072.4972
chl,2006,67117042788.29839
chl,2007,77583639412.993
chl,2008,75124029616.6046
chl,2009,63904282434.2356
chl,2010,81955505335.345
chl,2011,94349665630.58197
chl,2012,90332359682.67821
chl,2013,88886685222.7328
chl,2014,85745722947.39958
chl,2015,71554937538.64249
chl,2016,70244163147.22079
chl,2017,79054215190.40158
chl,2018,85724982171.84868
chn,1982,23637000000
chn,1983,23186000000
chn,1984,26716000000
chn,1985,28163000000
chn,1986,29583000000
chn,1987,39171000000
chn,1988,45912000000
chn,1989,47823000000
chn,1990,57374000000
chn,1991,65898000000
chn,1992,78816999999.99998
chn,1993,86852000000
chn,1994,119181000000
chn,1995,147239990000.00003
chn,1996,171678000000.00003
chn,1997,140533000000
chn,1998,141364000000
chn,1999,149884000000
chn,2000,190039384000
chn,2001,208572000000
chn,2002,247626456545.44794
chn,2003,445976206260.61304
chn,2004,604774713079.71704
chn,2005,773339005396.98499
chn,2006,991731387760.49084
chn,2007,1257052625429.69019
chn,2008,1495317001221.65991
chn,2009,1249723531706.77979
chn,2010,1603944171443.28003
chn,2011,2008852448487.46924
chn,2012,2175092012376.37036
chn,2013,2355594737798.10938
chn,2014,2462902030661.10986
chn,2015,2360152452309.1001
chn,2016,2197922469129.56006
chn,2017,2429277356205.39014
chn,2018,2651009602168.89941
civ,2005,8523437976.35519
civ,2006,9315355005.71091
civ,2007,9594528686.20086
civ,2008,11406633906.621
civ,2009,12339750810.1319
civ,2010,12593261961.1995
civ,2011,13651787775.5227
civ,2012,13108218162.4722
civ,2013,12984343518.181
civ,2014,13870429496.4715
civ,2015,12496385721.0947
civ,2016,11788864283.2535
civ,2017,12824077528.4376
cmr,1977,970857637.16718
cmr,1978,1302292790.86889
cmr,1979,1705609230.5891
cmr,1980,2058457568.91313
cmr,1981,1800122861.77805
cmr,1982,1785206444.43539
cmr,1983,1807455755.39953
cmr,1984,2003608294.70616
cmr,1985,2125013809.81374
cmr,1986,2544137974.42342
cmr,1987,2100043984.52152
cmr,1988,2300131263.88865
cmr,1989,2329531868.58444
cmr,1990,2507522199.72845
cmr,1991,2363430242.86527
cmr,1992,2341515673.1055
cmr,1993,1898661895.75366
cmr,1994,1784999312.42401
cmr,1995,2040294924.623
cmr,1996,2497657961.11915
cmr,1997,2494957537.56682
cmr,1998,2407291343.50271
cmr,1999,2177775199.55484
cmr,2000,2666729592.24353
cmr,2001,2822720607.50338
cmr,2002,2984487813.74064
cmr,2003,3128038744.35775
cmr,2004,3816998831.84757
cmr,2005,4235154350.69152
cmr,2006,4865175212.2322
cmr,2007,6326013214.66812
cmr,2008,7325271330.03874
cmr,2009,5313155102.38371
cmr,2010,5607766722.51495
cmr,2011,7510999188.45039
cmr,2012,7385311641.34629
cmr,2013,8025633210.00237
cmr,2014,8590678690.82083
cmr,2015,6732950065.04179
cmr,2016,6246541476.00487
cmr,2017,6544574569.34671
cod,2005,2746000000
cod,2006,3137600000
cod,2007,6540300000
cod,2008,7698000000
cod,2009,5020900000
cod,2010,8866500000
cod,2011,10211300000
cod,2012,9031062349.92914
cod,2013,11909060432.7446
cod,2014,12635997429.5669
cod,2015,10458122394.6932
cod,2016,10107715762.7953
cod,2017,13388350971.479
cog,1978,376967830.1809
cog,1979,565405558.12765
cog,1980,1021229903.5583
cog,1981,1156719242.65663
cog,1982,1186106462.66987
cog,1983,1153928606.67221
cog,1984,1348676072.80285
cog,1985,1219439494.17366
cog,1986,775756339.24395
cog,1987,973851559.56173
cog,1988,935469754.03928
cog,1989,1255766701.50298
cog,1990,1487889796.70723
cog,1991,1206989227.72839
cog,1992,1244843999.94879
cog,1993,1175296540.19831
cog,1994,1025927922.5427
cog,1995,1374020159.9586
cog,1996,1746722226.54478
cog,1997,1761180299.4823
cog,1998,1485421415.40755
cog,1999,1706117396.38556
cog,2000,2628296850.89709
cog,2001,2199123217.20101
cog,2002,2453603936.39146
cog,2003,2830693584.90488
cog,2004,3629860193.25968
cog,2005,4965797528.35334
cog,2006,6331731924.44604
cog,2007,5861115566.64612
cog,2008,8276155659.1357
cog,2009,6244442199.46775
cog,2010,9001562369.77435
cog,2011,11509118450.7998
cog,2012,10276991429.1245
cog,2013,9503628540.43745
cog,2014,9508523099.38986
cog,2015,5078447038.851
cog,2016,4596398727.6041
col,1968,762999999.99499
col,1969,849999999.99499
col,1970,979999999.99472
col,1971,971813119.9917
col,1972,1204395380
col,1973,1543891669.99936
col,1974,1860105199.97995
col,1975,2114381700
col,1976,2769685359.99942
col,1977,3389950239.99829
col,1978,3935019999.99899
col,1979,4545980000
col,1980,5328289839.99927
col,1981,4306095160
col,1982,4448865909.99893
col,1983,3814000000
col,1984,5200000000
col,1985,4505000000
col,1986,6439000000
col,1987,6827000000
col,1988,6751000000
col,1989,7322000000
col,1990,8679000000
col,1991,9100000000
col,1992,9246100000
col,1993,9948400000
col,1994,10600937157.2708
col,1995,12269610830.1998
col,1996,13140661010.079
col,1997,14211030620.5892
col,1998,13400195951.7822
col,1999,13940404311.8791
col,2000,15805109983.6642
col,2001,15062583135.2386
col,2002,14246681388.6471
col,2003,15733414821.1176
col,2004,19647838536.4314
col,2005,24704011324.8809
col,2006,28917459211.4915
col,2007,34531399566.8535
col,2008,43059178211.5416
col,2009,38572167199.28352
col,2010,45882895935.252
col,2011,63905620972.5638
col,2012,68048891236.6198
col,2013,67304673552.28729
col,2014,64054851197.8187
col,2015,45998404723.66141
col,2016,41861665822.7058
col,2017,48137174619.6228
col,2018,53773500069.18501
com,1980,13427820.95129
com,1981,17521123.52138
com,1982,22139145.52354
com,1983,22111840.48293
com,1984,9694407.31218
com,1985,19906105.1664
com,1986,27123648.48534
com,1987,26040313.54819
com,1988,38328571.46029
com,1989,35594986.84095
com,1990,34797302.85355
com,1991,49059831.03635
com,1992,48022294.89974
com,1993,52638051.01469
com,1994,39623070.88739
com,1995,45825230.2661
com,2003,60015995.82081
com,2004,56949050.0487
com,2005,57102945.65271
com,2006,60124648.46096
com,2007,71485549.38794
com,2008,74129610.33611
com,2009,77701176.83411
com,2010,87432876.56798
com,2011,99642844.53838
com,2012,89546612.94443
cpv,1977,2199932.98385
cpv,1978,7754765.7446
cpv,1979,12318008.17493
cpv,1980,19193568.12653
cpv,1981,23649407.19087
cpv,1982,31427264.41038
cpv,1983,36784115.87641
cpv,1984,30660507.49379
cpv,1985,30935811.85555
cpv,1986,36256822.27715
cpv,1987,46835037.20144
cpv,1988,43101397.99494
cpv,1989,49882990.62664
cpv,1990,56837844.01268
cpv,1991,48139199.43984
cpv,1992,50698802.14797
cpv,1993,49144936.24771
cpv,1994,61175467.33965
cpv,1995,83482130.46495
cpv,1996,101395705.12531
cpv,1997,134545272.42156
cpv,1998,113053016.8669
cpv,1999,124121501.60198
cpv,2000,140694347.01629
cpv,2001,160165862.55665
cpv,2002,186587323.92332
cpv,2003,245798014.02408
cpv,2004,285599361.4589
cpv,2005,353889002.67265
cpv,2006,472148725.8374
cpv,2007,565704702.59756
cpv,2008,710098097.1877
cpv,2009,562472249.89045
cpv,2010,629610621.57886
cpv,2011,782349340.48179
cpv,2012,771205731.24468
cpv,2013,841273647.31702
cpv,2014,893905109.43035
cpv,2015,659985468.23697
cpv,2016,719397468.61636
cpv,2017,820508966.77961
cpv,2018,970978897.60485
cri,1977,957700000
cri,1978,1005800000
cri,1979,1096900000
cri,1980,1195100000
cri,1981,1173400000
cri,1982,1111200000
cri,1983,1127700000
cri,1984,1270000000
cri,1985,1213800000
cri,1986,1387800000
cri,1987,1443800000
cri,1988,1611000000
cri,1989,1831300000
cri,1990,1963200000
cri,1991,2189500000
cri,1992,2580400000
cri,1993,2906100000
cri,1994,3317000000
cri,1995,3694000000
cri,1996,4065360000
cri,1997,4313504000
cri,1998,5252670000
cri,1999,6219210526.4058
cri,2000,6483187693.18264
cri,2001,6507245226.05823
cri,2002,6535520876.6269
cri,2003,7063161813.68921
cri,2004,7901223846.35991
cri,2005,8766041029.61709
cri,2006,9899108271.97083
cri,2007,10993921245.9417
cri,2008,12118035648.6236
cri,2009,10776383456.5034
cri,2010,12514007854.8623
cri,2011,14083611738.385
cri,2012,15131186661.0081
cri,2013,15815497861.2498
cri,2014,16561684792.9675
cri,2015,17145996657.9747
cri,2016,18637388402.945
cri,2017,19512057327.6324
cri,2018,20569620429.8748
cyp,1976,429967971.53448
cyp,1977,518963004.64945
cyp,1978,597837957.82259
cyp,1979,822415140.02517
cyp,1980,1009483918.16833
cyp,1981,1077994404.21716
cyp,1982,1131291451.48549
cyp,1983,1122776724.43972
cyp,1984,1274673731.76116
cyp,1985,1213284123.47613
cyp,1986,1441300721.79226
cyp,1987,1807537259.92996
cyp,1988,2120743360.26528
cyp,1989,2413950368.78955
cyp,1990,2955161208.2244
cyp,1991,2808828484.90134
cyp,1992,3507296115.38093
cyp,1993,3202821576.37419
cyp,1994,3614247314.55878
cyp,1995,4606337545.37172
cyp,1996,4702224104.60824
cyp,1997,4550909001.27912
cyp,1998,4659387403.12657
cyp,1999,4947253211.75012
cyp,2000,5018988180.52338
cyp,2001,5315260701.90002
cyp,2002,5382280980.50673
cyp,2003,6296820025.22579
cyp,2004,7408494301.90698
cyp,2005,8046683468.05072
cyp,2006,8552667039.61534
cyp,2007,10285932437.1338
cyp,2008,14005338452.1851
cyp,2009,12702285629.4164
cyp,2010,12824687838.0418
cyp,2011,14543555748.5943
cyp,2012,13355798026.0023
cyp,2013,14134583216.3614
cyp,2014,14509111245.2445
cyp,2015,12691015147.1519
cyp,2016,13209353902.0136
cyp,2017,14444982769.56
cyp,2018,15891524018.2663
cze,1993,17658400382.7468
cze,1994,18758845094.5062
cze,1995,24039311346.35
cze,1996,25405339915.2121
cze,1997,24611542736.3828
cze,1998,27923095785.0631
cze,1999,27738216382.3259
cze,2000,29411883353.3123
cze,2001,32890742914.7411
cze,2002,37183424019.0468
cze,2003,46748062490.89589
cze,2004,68757151217.15979
cze,2005,84402098615.66562
cze,2006,101299444095.866
cze,2007,125970662822.05602
cze,2008,150091414328.56195
cze,2009,121632947507.13904
cze,2010,137029742232.405
cze,2011,162821394258.69901
cze,2012,158360841980.789
cze,2013,160978376418.306
cze,2014,171700823301.94199
cze,2015,151009544173.49899
cze,2016,154845872897.27692
cze,2017,173188356676.40897
cze,2018,192265300225.95102
deu,1971,44180571189.681
deu,1972,52901057667.2197
deu,1973,75072689961.5358
deu,1974,99169754105.3587
deu,1975,102628887018.873
deu,1976,118992582402.34402
deu,1977,136612238002.66199
deu,1978,165858852250.948
deu,1979,198485597917.17499
deu,1980,217390721280.08701
deu,1981,199702943148.582
deu,1982,201328384012.06799
deu,1983,192168326985.66599
deu,1984,193092584367.63202
deu,1985,207284521373.655
deu,1986,271911130012.62894
deu,1987,326101973997.56
deu,1988,358219709688.17004
deu,1989,378504982427.94202
deu,1990,457349935952.883
deu,1991,443408293519.04205
deu,1992,473906419878.27893
deu,1993,420826793283.34003
deu,1994,467392777723.51703
deu,1995,569856205687.78101
deu,1996,572375530488.87708
deu,1997,562718029508.26404
deu,1998,594716218892.17688
deu,1999,591602795661.24292
deu,2000,599208840005.52881
deu,2001,619289402246.47791
deu,2002,677234831156.74097
deu,2003,820911327303.21912
deu,2004,1004365673781.54993
deu,2005,1082711902831.5
deu,2006,1241908763181.48022
deu,2007,1485400809678.79004
deu,2008,1642777985874.16968
deu,2009,1300292750336.53003
deu,2010,1443665804838.38965
deu,2011,1684962872144.63965
deu,2012,1630011510735.62964
deu,2013,1699810050237.11035
deu,2014,1772723085559.96997
deu,2015,1574274866730.16968
deu,2016,1595874807890.32983
deu,2017,1737107433023.34033
deu,2018,1869992885848.32935
dji,1991,194377704.37934
dji,1992,184148187.32733
dji,1993,204984216.83425
dji,1994,206160217.41944
dji,1995,194833474.94106
dji,1996,190281396.12089
dji,1997,195165455.9675
dji,1998,208000180.05751
dji,1999,200043889.01706
dji,2000,193241091.37356
dji,2001,213486307.18936
dji,2002,228003443.5998
dji,2003,252997676.13282
dji,2004,250730076.91832
dji,2005,287866937.50316
dji,2006,306626678.89557
dji,2007,306542276.9397
dji,2008,365702421.21077
dji,2009,399406935.59005
dji,2010,420873166.36751
dji,2011,419669031.79703
dji,2012,457441720.44947
dji,2013,485474423.39397
dji,2014,510756101.56378
dji,2015,588481881.61152
dji,2016,544693900.51767
dji,2017,560775376.99752
dma,1976,13600182.30726
dma,1977,15000000
dma,1978,19000000
dma,1979,19300000
dma,1980,15700000
dma,1981,23400000
dma,1982,31700000
dma,1983,36000000
dma,1984,37400000
dma,1985,38600000
dma,1986,59211111.11111
dma,1987,66292592.59259
dma,1988,77929629.62963
dma,1989,71251851.85185
dma,1990,89448148.14815
dma,1991,93100000
dma,1992,97677777.77778
dma,1993,97059259.25926
dma,1994,100074074.07407
dma,1995,107459259.25926
dma,1996,121844444.44444
dma,1997,137155555.55556
dma,1998,151603703.7037
dma,1999,156807407.40741
dma,2000,144511111.11111
dma,2001,121248518.51852
dma,2002,123167614.81481
dma,2003,118410740.74074
dma,2004,130478220.37037
dma,2005,129357542.59259
dma,2006,144430703.33333
dma,2007,147844255.18518
dma,2008,156733717.03704
dma,2009,147949173.7037
dma,2010,174064611.11111
dma,2011,190955615.92593
dma,2012,160266036.2963
dma,2013,169648258.51852
dma,2014,272781599.11502
dma,2015,255900367.10847
dma,2016,257177702.11565
dma,2017,233747019.285
dnk,1975,11875414828.1425
dnk,1976,12639082803.8733
dnk,1977,14124014223.8961
dnk,1978,16591735437.0064
dnk,1979,20064385351.3344
dnk,1980,22884696450.6694
dnk,1981,21988857061.2194
dnk,1982,21095286591.8712
dnk,1983,21356620647.8217
dnk,1984,21139428108.25871
dnk,1985,22610144015.9947
dnk,1986,27679391640.2039
dnk,1987,33543246443.65611
dnk,1988,37159771196.41299
dnk,1989,38298015980.1833
dnk,1990,48901826458.7216
dnk,1991,51047083013.0563
dnk,1992,54586570137.44
dnk,1993,49511372995.5304
dnk,1994,55401906225.3287
dnk,1995,65654988733.7157
dnk,1996,67236623498.1782
dnk,1997,62146446792.782
dnk,1998,63119408013.71009
dnk,1999,69768124337.31371
dnk,2000,73805211462.85741
dnk,2001,75600732870.99188
dnk,2002,82139163399.06459
dnk,2003,96209541077.89822
dnk,2004,111354544653.39597
dnk,2005,125373902144.213
dnk,2006,143796453242.52798
dnk,2007,164945010952.84402
dnk,2008,192423433120.15298
dnk,2009,151903938956.565
dnk,2010,162706676792.38501
dnk,2011,185269343251.716
dnk,2012,178705507346.91699
dnk,2013,188437583597.77695
dnk,2014,192870416434.60501
dnk,2015,167759798336.16
dnk,2016,167209891497.77997
dnk,2017,180292533421.37601
dnk,2018,192024206430.358
dom,1968,199500000
dom,1969,227000000
dom,1970,257000000
dom,1971,290200000
dom,1972,411100000
dom,1973,513600000
dom,1974,730200000
dom,1975,1010000000
dom,1976,844200000
dom,1977,927200000
dom,1978,828000000
dom,1979,1134900000
dom,1980,1271300000
dom,1981,1512600000
dom,1982,1141800000
dom,1983,1241800000
dom,1984,1369600000
dom,1985,1322800000
dom,1986,1415000000
dom,1987,1563300000
dom,1988,1903100000
dom,1989,1965500000
dom,1990,1831700000
dom,1991,1857000000
dom,1992,1911100000
dom,1993,2889300000
dom,1994,3328900000
dom,1995,3724600000
dom,1996,4046500000
dom,1997,4643600000
dom,1998,4781300000
dom,1999,5152700000
dom,2000,5901800000
dom,2001,5560200000
dom,2002,5635400000
dom,2003,6408700000
dom,2004,6919870000
dom,2005,7576600000
dom,2006,8562300000
dom,2007,9485400000
dom,2008,9269800000
dom,2009,7982100000
dom,2010,12270500000
dom,2011,14184300000
dom,2012,15075500000
dom,2013,15836300000
dom,2014,16952600000
dom,2015,16983600000
dom,2016,18148800000
dom,2017,18991400000
dom,2018,20191700000
dza,1977,6296484604.95363
dza,1978,6665574020.1885
dza,1979,9952075298.00309
dza,1980,14128131966.3131
dza,1981,14590777706.2831
dza,1982,14037306082.398
dza,1983,13421525228.3289
dza,1984,13390724158.9444
dza,1985,13565575400.7717
dza,1986,8613839277.80278
dza,1987,9593913077.84435
dza,1988,8090598107.5613
dza,1989,10029626725.168
dza,1990,13461667632.6471
dza,1991,12723141362.6737
dza,2005,48840999999.9978
dza,2006,57304000000.00249
dza,2007,63329352193.48359
dza,2008,81544414106.10898
dza,2009,48109316609.17179
dza,2010,60587734433.8983
dza,2011,76387318691.25632
dza,2012,75187930613.11789
dza,2013,68589769661.1321
dza,2014,63586929716.48111
dza,2015,37905326615.26479
dza,2016,32746852186.7272
dza,2017,37571694843.2234
east_asia_pacific,1982,309647144546.58502
east_asia_pacific,1983,323207767874.20502
east_asia_pacific,1984,350700011323.08002
east_asia_pacific,1985,337243639139.04602
east_asia_pacific,1986,375642293992.94293
east_asia_pacific,1987,489088034888.58105
east_asia_pacific,1988,598298907294.66394
east_asia_pacific,1989,662766580566.18701
east_asia_pacific,1990,736915663460.81482
east_asia_pacific,1991,831046616264.23193
east_asia_pacific,1992,927534003174.37524
east_asia_pacific,1993,1029281146647.07019
east_asia_pacific,1994,1234240437563.35034
east_asia_pacific,1995,1538485833364.84985
east_asia_pacific,1996,1669899251435.23975
east_asia_pacific,1997,1693403711110.87964
east_asia_pacific,1998,1549099756449.62988
east_asia_pacific,1999,1626303318704.63013
east_asia_pacific,2000,1920276184642.9397
east_asia_pacific,2001,1755068475056.28003
east_asia_pacific,2002,1874949658007.86987
east_asia_pacific,2003,2295403298881.98975
east_asia_pacific,2004,2855042472065.47021
east_asia_pacific,2005,3280752647622.43066
east_asia_pacific,2006,3823170036954.93018
east_asia_pacific,2007,4459165504653.36133
east_asia_pacific,2008,5108872515668.31055
east_asia_pacific,2009,4225441891195.27979
east_asia_pacific,2010,5401563096945.43945
east_asia_pacific,2011,6422585858148.22949
east_asia_pacific,2012,6748819611162.95996
east_asia_pacific,2013,6945305124789.83984
east_asia_pacific,2014,7126190211438.76074
east_asia_pacific,2015,6604377806703.28125
east_asia_pacific,2016,6400999200438.29004
east_asia_pacific,2017,7094320629315.91113
east_asia_pacific,2018,7645242170505.57031
ecu,1976,1418600000
ecu,1977,1602700000
ecu,1978,1703500000
ecu,1979,2410700000
ecu,1980,2887000000
ecu,1981,2925600000
ecu,1982,2708000000
ecu,1983,2663000000
ecu,1984,2912000000
ecu,1985,3302000000
ecu,1986,2641000000
ecu,1987,2442000000
ecu,1988,2645000000
ecu,1989,2870000000
ecu,1990,3262000000
ecu,1991,3407000000
ecu,1992,3718000000
ecu,1993,3771550000
ecu,1994,4611740000
ecu,1995,5196130000
ecu,1996,5612450000
ecu,1997,6046530000
ecu,1998,5004460000
ecu,1999,5345000000
ecu,2000,5905997570
ecu,2001,5683462800.85
ecu,2002,6141604892.06028
ecu,2003,7326978915.35182
ecu,2004,8981703524.85305
ecu,2005,11479812239.8079
ecu,2006,14212622491.104
ecu,2007,16070245408.4975
ecu,2008,20902383668.9421
ecu,2009,15748549985.5869
ecu,2010,19609313677.35469
ecu,2011,24669793118.3584
ecu,2012,26372910956.3256
ecu,2013,27628143065.8064
ecu,2014,28942769224.7462
ecu,2015,21440060545.0063
ecu,2016,19565225145.4458
ecu,2017,21809398003.6695
ecu,2018,24662304642.018
egy,1977,3574705162.40454
egy,1978,3572149611.1017
egy,1979,4211857148.87409
egy,1980,6246285723.20898
egy,1981,6535714295.05102
egy,1982,6818142866.88306
egy,1983,6826000009.75143
egy,1984,6853857146.93682
egy,1985,6859142857.14286
egy,1986,5990285714.28571
egy,1987,6742000000
egy,1988,7177285714.28572
egy,1989,7321727272.72727
egy,1990,9895000000
egy,1991,10947000000
egy,1992,11386000000
egy,1993,11440000000
egy,1994,12114000000
egy,1995,13260000000
egy,1996,14050000000
egy,1997,14905200000
egy,1998,12544000000
egy,1999,14730200000
egy,2000,16864000000
egy,2001,16067200000
egy,2002,16437900000
egy,2003,20060300000
egy,2004,26516200000
egy,2005,30715800000
egy,2006,36680099999.99999
egy,2007,44398000000
egy,2008,54760900000
egy,2009,44609100000.00001
egy,2010,48831200000
egy,2011,47053000000
egy,2012,48601300000
egy,2013,44795200000
egy,2014,47166300000
egy,2015,37569400000
egy,2016,33624300000
egy,2017,42874700000.00001
eri,1992,89021511.94645
eri,1993,149468217.5891
eri,1994,167752097.14713
eri,1995,134474151.96296
eri,1996,202731638.46245
eri,1997,214407783.83001
eri,1998,109845989.36459
eri,1999,68235404.66863
eri,2000,97718685.56701
esp,1975,13255142353.6877
esp,1976,14120655083.8072
esp,1977,16752785674.1105
esp,1978,21686530054.1323
esp,1979,28642085668.9177
esp,1980,32140119734.36539
esp,1981,32304588124.3886
esp,1982,32829845880.0808
esp,1983,31369174587.83449
esp,1984,35303331788.2073
esp,1985,36682699054.5013
esp,1986,44711437221.5226
esp,1987,55566749442.94289
esp,1988,64402039293.66759
esp,1989,68400704606.9851
esp,1990,83594592162.60469
esp,1991,89337689294.69431
esp,1992,99337039219.59401
esp,1993,92467808762.22861
esp,1994,107784258646.22798
esp,1995,133910334452.80801
esp,1996,147319516053.02097
esp,1997,150864578233.54303
esp,1998,159781954697.05899
esp,1999,167093447103.00299
esp,2000,170288833004.36899
esp,2001,174535721541.95996
esp,2002,187492992074.71893
esp,2003,231342066746.629
esp,2004,269668205917.23898
esp,2005,285725825610.44397
esp,2006,315018906094.67303
esp,2007,381002391726.78088
esp,2008,416591185301.61609
esp,2009,341312460257.72198
esp,2010,365959332620.92004
esp,2011,431304719585.03296
esp,2012,410433703165.93494
esp,2013,439242080422.09406
esp,2014,451030293942.11487
esp,2015,395670515367.08893
esp,2016,410808026139.125
esp,2017,452929398992.59595
esp,2018,488948047910.00684
est,1992,663809907.7331
est,1993,1146303976.15695
est,1994,1555669861.70656
est,1995,2213355810.45432
est,1996,2546858741.33066
est,1997,3097430953.25661
est,1998,3464843866.81947
est,1999,3223134520.2611
est,2000,3503486025.71975
est,2001,3932546507.58655
est,2002,4295602059.95891
est,2003,5724045297.13466
est,2004,7924756994.87547
est,2005,10369960678.2666
est,2006,11833134351.3171
est,2007,14382733931.6098
est,2008,16449303156.8882
est,2009,12002973129.4969
est,2010,14630515918.3245
est,2011,20073907211.36909
est,2012,19808976777.7411
est,2013,21195040919.1042
est,2014,21783722056.1638
est,2015,17712320317.2071
est,2016,18620651368.0992
est,2017,20438984875.1118
est,2018,22769399381.5275
eth,1977,417198067.83439
eth,1978,385652174.09935
eth,1979,516666666.91626
eth,1980,544734299.78007
eth,1981,506473430.19636
eth,1982,537922705.57388
eth,1983,541545893.98142
eth,1984,603285024.29678
eth,1985,621690821.25604
eth,1986,721062801.93237
eth,1987,652077294.68599
eth,1988,671739130.43478
eth,1989,732995169.08213
eth,1990,596618357.48792
eth,1991,435893719.80676
eth,1992,437485314.00966
eth,1993,476080000
eth,1994,666572407.36664
eth,1995,767558289.22242
eth,1996,794653790.73932
eth,1997,979000164.23038
eth,1998,951890278.15983
eth,1999,940975697.67446
eth,2000,992267370.25946
eth,2001,975689091.17115
eth,2002,1063969944.99859
eth,2003,1258126210.58213
eth,2004,1683762662.68493
eth,2005,1929483699.80887
eth,2006,2198490814.12065
eth,2007,2649643536.00468
eth,2008,3495286071.70092
eth,2009,3429924703.77971
eth,2010,4644218341.95427
eth,2011,5814847633.48059
eth,2012,5993906636.22454
eth,2013,6116429439.21481
eth,2014,6385666533.10084
eth,2015,6007198500.36568
eth,2016,5905571808.04242
eth,2017,6636374163.92425
europe_central_asia,1975,530706053291.95898
europe_central_asia,1976,582432614555.21692
europe_central_asia,1977,671750152327.151
europe_central_asia,1978,815961977492.15491
europe_central_asia,1979,1011687166203.05005
europe_central_asia,1980,1166948084953.03027
europe_central_asia,1981,1104664967406.93994
europe_central_asia,1982,1059584443036.51001
europe_central_asia,1983,1029279630585.05969
europe_central_asia,1984,1056460154219.44971
europe_central_asia,1985,1107335653841.26001
europe_central_asia,1986,1333666878000.55005
europe_central_asia,1987,1595349561042.54028
europe_central_asia,1988,1764956409798.7998
europe_central_asia,1989,1866132903652.12939
europe_central_asia,1990,2249856696089.52979
europe_central_asia,1991,2234296319810.39014
europe_central_asia,1992,2404875762660.97949
europe_central_asia,1993,2220221577636.08984
europe_central_asia,1994,2475276784657.25977
europe_central_asia,1995,3021120853827.63965
europe_central_asia,1996,3155153326089.7793
europe_central_asia,1997,3174027103474.13965
europe_central_asia,1998,3258665076235.99121
europe_central_asia,1999,3270545689002.10938
europe_central_asia,2000,3429715646418.66943
europe_central_asia,2001,3469754014901.26025
europe_central_asia,2002,3699638478309.12939
europe_central_asia,2003,4418414032293.34961
europe_central_asia,2004,5390918485972.33008
europe_central_asia,2005,5944345409696.18066
europe_central_asia,2006,6772134491045.30078
europe_central_asia,2007,7987261262631.39941
europe_central_asia,2008,9056780147518.97852
europe_central_asia,2009,7122650259776.99902
europe_central_asia,2010,7930830974256.41992
europe_central_asia,2011,9357790261529.59961
europe_central_asia,2012,9159541836390.48047
europe_central_asia,2013,9567685497655.66797
europe_central_asia,2014,9788109988431.74219
europe_central_asia,2015,8615747840355.48145
europe_central_asia,2016,8576832826474.76953
europe_central_asia,2017,9419229215956.63086
europe_central_asia,2018,10319439464233.40039
fin,1975,6608348169.58199
fin,1976,7547618148.97707
fin,1977,9064657595.69392
fin,1978,10364857866.1688
fin,1979,13349029787.6452
fin,1980,16802367814.5063
fin,1981,16576488098.1355
fin,1982,15564835546.0273
fin,1983,14704306311.0801
fin,1984,15524602645.7721
fin,1985,15780424141.4168
fin,1986,18723406223.2781
fin,1987,22580975804.8095
fin,1988,25761416558.08649
fin,1989,27007944499.5942
fin,1990,30845680919.95309
fin,1991,26787216349.3206
fin,1992,28317584316.8096
fin,1993,27765431155.0198
fin,1994,34938970403.2684
fin,1995,47171415365.4242
fin,1996,47070108506.3213
fin,1997,47066493624.5456
fin,1998,48124426708.3214
fin,1999,47753847906.59289
fin,2000,52781144823.564
fin,2001,51554707084.7719
fin,2002,54475953134.35149
fin,2003,63214462153.78781
fin,2004,75241654981.38631
fin,2005,82339999361.81557
fin,2006,93642084336.90221
fin,2007,112621493649.935
fin,2008,128596399683.80498
fin,2009,91580853504.22258
fin,2010,95846565511.41422
fin,2011,107173126640.33
fin,2012,101361688427.25699
fin,2013,104838863936.623
fin,2014,101539681077.078
fin,2015,84650607920.35829
fin,2016,85732812134.80437
fin,2017,97455408393.93318
fin,2018,107428464848.39801
fji,1979,461445546.17874
fji,1980,574095703.28722
fji,1981,534373736.36697
fji,1982,523138718.47437
fji,1983,492074724.65356
fji,1984,507077120.40723
fji,1985,508168595.06965
fji,1986,538987038.07519
fji,1987,530285469.27236
fji,1988,617580740.07609
fji,1989,742179775.2809
fji,1990,832529584.88315
fji,1991,790209802.05787
fji,1992,802998909.39677
fji,1993,852069854.55076
fji,1994,1024844190.216
fji,1995,1083740222.80161
fji,1996,1284757357.65695
fji,1997,1203594991.94763
fji,1998,932144385.07159
fji,1999,1062841911.53138
fji,2000,968296377.76488
fji,2001,914934654.75889
fji,2002,981460952.90526
fji,2003,1290622470.96675
fji,2004,1402327005.11276
fji,2005,1610748024.15117
fji,2006,1542201202.10158
fji,2007,1648018800.67461
fji,2008,2016939731.03157
fji,2009,1421083751.33587
fji,2010,1807317837.29552
fji,2011,2241606992.21862
fji,2012,2427700721.77812
fji,2013,2377725126.25001
fji,2014,2529361647.63831
fji,2015,2267622220.39425
fji,2016,2298687678.17802
fji,2017,2451832373.16244
fji,2018,2630052504.04887
fra,1975,68248377440.39129
fra,1976,72973482962.38649
fra,1977,84313118006.96831
fra,1978,104961538327.85001
fra,1979,130892500177.401
fra,1980,151617717128.54199
fra,1981,142933789673.621
fra,1982,128426866586.61601
fra,1983,125212890354.37199
fra,1984,127385577956.33101
fra,1985,132509046255.836
fra,1986,163598668255.73795
fra,1987,193443755928.36398
fra,1988,215673032711.12601
fra,1989,232015952563.14795
fra,1990,285334911479.43805
fra,1991,289271661957.651
fra,1992,319207509078.73303
fra,1993,285421050687.19
fra,1994,306331496171.70807
fra,1995,362717041241.79004
fra,1996,365375478068.31201
fra,1997,366861237025.89301
fra,1998,387982971657.58496
fra,1999,403212946287.61206
fra,2000,390246297043.54102
fra,2001,391683324453.62799
fra,2002,418289461271.03687
fra,2003,485216877654.573
fra,2004,559181356554.901
fra,2005,593159797843.55688
fra,2006,650271034013.06116
fra,2007,741231644566.04675
fra,2008,827320003473.72705
fra,2009,664640074133.11292
fra,2010,709514784597.46399
fra,2011,823178541453.50708
fra,2012,795546792823.0791
fra,2013,836608184755.80408
fra,2014,853254011269.48401
fra,2015,777258013690.84595
fra,2016,780760560639.72192
fra,2017,830353018764.18201
fra,2018,899689360212.57776
fro,1998,493190000
fro,1999,527650000
fro,2000,530750000
fro,2001,573000000
fro,2002,608630000
fro,2003,671270000
fro,2004,705010817.19633
fro,2005,735782833.07387
fro,2006,825068967.46775
fro,2007,959621432.67851
fro,2008,1104282947.81357
fro,2009,935652250.13864
fro,2010,1025794812.66933
fro,2011,1212798314.66615
fsm,2009,77019500
fsm,2010,92315200
fsm,2011,91027600
fsm,2012,117958700
fsm,2013,126591400
fsm,2014,126186900
gab,1978,1478490297.81055
gab,1979,2023818504.66047
gab,1980,2408988408.75058
gab,1981,2507806857.11673
gab,1982,2330692108.59345
gab,1983,2200930864.23949
gab,1984,2155614214.74452
gab,1985,2089911873.28904
gab,1986,1197756075.60421
gab,1987,1401160632.95309
gab,1988,1408536205.66525
gab,1989,1914965851.92501
gab,1990,2730356744.20198
gab,1991,2551869442.11943
gab,1992,2606805341.31917
gab,1993,2637354135.27674
gab,1994,2584812432.65629
gab,1995,2943435106.19522
gab,1996,3566109536.47152
gab,1997,3264450886.49668
gab,1998,2126331429.24266
gab,1999,2775280833.22472
gab,2000,3492940831.47373
gab,2001,2778585272.60901
gab,2002,2633113430.74398
gab,2003,3344340933.12323
gab,2004,4223483167.98153
gab,2005,5602397111.77474
gab,2007,7014838336.69654
gab,2008,9242329127.68554
gab,2009,6617066755.59094
gab,2010,9340231071.72115
gab,2011,10476428947.469
gab,2012,10047189736.4236
gab,2013,9630340942.78342
gab,2014,8435839118.19789
gab,2015,5389959683.06363
gbr,1970,27623977939.4912
gbr,1971,31462134266.6812
gbr,1972,34015365821.081
gbr,1973,41819712845.88
gbr,1974,53545813005.11999
gbr,1975,59440065897.76168
gbr,1976,62967217314.4687
gbr,1977,75600604769.34108
gbr,1978,91119888678.28909
gbr,1979,116755054998.106
gbr,1980,146071955345.42001
gbr,1981,136167525551.713
gbr,1982,127520175822.22298
gbr,1983,121032829158.069
gbr,1984,121915855956.92697
gbr,1985,132167965057.85001
gbr,1986,143500226783.008
gbr,1987,174723938754.52499
gbr,1988,191399431602.39203
gbr,1989,198823599319.61401
gbr,1990,239226146127.67703
gbr,1991,239783075392.638
gbr,1992,253593269083.67004
gbr,1993,245689726109.84296
gbr,1994,277113222738.51001
gbr,1995,322113920529.83698
gbr,1996,351830680358.61603
gbr,1997,383179008313.104
gbr,1998,384318772481.81799
gbr,1999,395226500334.39105
gbr,2000,410535228590.58594
gbr,2001,401045941975.85406
gbr,2002,421504918048.43384
gbr,2003,480296089150.94012
gbr,2004,563031907104.33289
gbr,2005,623208089894.81702
gbr,2006,720651836656.62891
gbr,2007,767723060249.323
gbr,2008,783065443446.84924
gbr,2009,628885700518.37585
gbr,2010,691273020675.60303
gbr,2011,802302836351.04578
gbr,2012,797323212843.0658
gbr,2013,818615841714.73499
gbr,2014,856389423969.3197
gbr,2015,793894366279.20911
gbr,2016,752272056791.44434
gbr,2017,795925750084.44592
gbr,2018,845922896760.19202
geo,1997,574500000
geo,1998,665200000
geo,1999,546400000
geo,2000,846274639.44
geo,2001,865989989.55
geo,2002,992207442.37
geo,2003,1252000801.31
geo,2004,1625700139.94
geo,2005,2151801974.15
geo,2006,2499896419.78
geo,2007,3162652493.09
geo,2008,3658441763.62
geo,2009,3183015490.74
geo,2010,4034096539.53
geo,2011,5241870893.51
geo,2012,6021076671.81
geo,2013,7171698272.03
geo,2014,7038666142.48
geo,2015,6108160411.31
geo,2016,6177733455.89
geo,2017,7560033324.67
geo,2018,8896617467.44
gha,1975,890961421.98927
gha,1976,891483163.9889
gha,1977,1017830751.98287
gha,1978,996047318.71569
gha,1979,1162700067.99997
gha,1980,1210300000
gha,1981,829800000
gha,1982,710891087.99991
gha,1983,477300000
gha,1984,609700000
gha,1985,670400000
gha,1986,804130000
gha,1987,905500000
gha,1988,957700000
gha,1989,889100000
gha,1990,983200000
gha,1991,1100500000
gha,1992,1140700000
gha,1993,1208300000
gha,1994,1385200000
gha,1995,1581800000
gha,1996,1726800000
gha,1997,1654760000
gha,1998,2531700000
gha,1999,2473300000
gha,2000,2440594058.71039
gha,2001,2398772637.80784
gha,2002,2570090115.87
gha,2003,3192565896.5
gha,2004,3406777546.23
gha,2005,3908685122.49545
gha,2006,5109521115.71528
gha,2007,6004003831.20595
gha,2008,7070629251.88412
gha,2009,7609410000
gha,2010,9437380000
gha,2011,14595519045.752
gha,2012,16812023075.6352
gha,2013,16205962419.18399
gha,2014,15261460189.3534
gha,2015,16463379633.7344
gha,2016,17469860326.4514
gha,2017,20436840000
gin,1986,562210000
gin,1987,598240000
gin,1988,564460000
gin,1989,699230000
gin,1990,828660000
gin,1991,831780000
gin,1992,676890000
gin,1993,747850000
gin,1994,668520000
gin,1995,700221000
gin,1996,760668000
gin,1997,740753000
gin,1998,803790000
gin,1999,748849640
gin,2000,734089633.50378
gin,2001,809157410.32922
gin,2002,774588000
gin,2003,715834497.73998
gin,2004,810910000
gin,2005,925700000
gin,2006,1096090000
gin,2007,1251900000
gin,2008,1444910000
gin,2009,1121960000
gin,2010,1533620000
gin,2011,1505720000
gin,2012,2086650000
gin,2013,1989790000
gin,2014,2130091254.23937
gin,2015,1859596267.58557
gin,2016,2467233944.16599
gin,2017,4647400000
gmb,1978,56056700.78056
gmb,1979,80713156.51497
gmb,1980,69024511.60159
gmb,1981,57527742.83544
gmb,1982,78881501.0123
gmb,1983,76893788.99126
gmb,1984,97001778.08995
gmb,1985,91993222.68518
gmb,1986,67386562.92602
gmb,1987,127927454.83964
gmb,1988,146149097.22345
gmb,1989,153892956.56515
gmb,1990,173485386.02732
gmb,1991,203134248.3222
gmb,1992,233955339.21011
gmb,1993,229663557.45748
gmb,1994,213451146.81971
gmb,1995,175459297.46332
gmb,1996,217100371.51221
gmb,1997,223037532.06647
gmb,2003,134705416.21966
gmb,2004,178362275.60696
gmb,2005,186535368.95912
gmb,2006,200943962.78735
gmb,2007,262272595.44146
gmb,2008,323079602.1976
gmb,2009,278401503.79536
gmb,2010,270568875.31523
gmb,2011,249907458.24806
gmb,2012,274745539.37027
gmb,2013,261507033.70584
gmb,2014,268858817.85138
gmb,2015,262482359.98482
gmb,2016,237138123.64625
gmb,2017,264622911.43583
gnb,1982,17400000
gnb,1983,15300000
gnb,1984,25400000
gnb,1985,18100000
gnb,1986,9700000
gnb,1987,15400000
gnb,1988,15900000
gnb,1989,20640000
gnb,1990,26100000
gnb,1991,33500000
gnb,1992,18030000
gnb,1993,25720000
gnb,1994,38820000
gnb,1995,29590000
gnb,1996,28570000
gnb,1997,56860000
gnb,2001,67351168.49091
gnb,2002,60879079.1295
gnb,2003,71006499.85135
gnb,2004,83447411.74367
gnb,2005,94786767.08475
gnb,2006,77565054.78787
gnb,2007,140430879.02985
gnb,2008,171901919.36222
gnb,2009,154761311.0088
gnb,2010,170591033.30056
gnb,2011,282642037.68207
gnb,2012,153044009.8193
gnb,2013,190931893.87534
gnb,2014,212887473.14395
gnb,2015,288516902.68694
gnb,2016,185193750
gnb,2017,374099534.07744
gnq,1987,44593575.87945
gnq,1988,50515662.17062
gnq,1989,38547586.44129
gnq,1990,42322770.00113
gnq,1991,43189300.29557
gnq,1992,57685957.61826
gnq,1993,70055160.6608
gnq,1994,65359677.76199
gnq,1995,94108280.34803
gnq,1996,180192673.40963
grc,1976,4066000000
grc,1977,4716000000
grc,1978,5741000000
grc,1979,7427000000
grc,1980,8122000000
grc,1981,8837000000
grc,1982,7633000000
grc,1983,7036000000
grc,1984,7150000000
grc,1985,6957000000
grc,1986,7799000000
grc,1987,10031000000
grc,1988,11109000000
grc,1989,10902000000
grc,1990,13018000000
grc,1991,14133350000
grc,1992,14773000000
grc,1993,13326000000
grc,1994,14551000000
grc,1995,15523000000
grc,1996,15238000000
grc,1997,14863000000
grc,1999,24995100000
grc,2000,29405200000
grc,2001,30039700000
grc,2002,29980109757.69729
grc,2003,36840922372.417
grc,2004,48807873797.909
grc,2005,51521732489.931
grc,2006,56030959036.97379
grc,2007,67040564754.8011
grc,2008,79593077931.27521
grc,2009,59023287352.1469
grc,2010,59916143264.86451
grc,2011,67622329785.5779
grc,2012,63238522249.1778
grc,2013,72905304688.56129
grc,2014,76826309595.82709
grc,2015,62604644200.6118
grc,2016,60293536399.97641
grc,2017,70057779009.6786
grc,2018,81872960682.2386
grd,1977,28859259.25926
grd,1978,33300000
grd,1979,40551851.85185
grd,1980,38000000
grd,1981,37700000
grd,1982,36800000
grd,1983,37900000
grd,1984,39800000
grd,1985,52892592.59259
grd,1986,75148148.14815
grd,1987,79777777.77778
grd,1988,86185185.18519
grd,1989,85333333.33333
grd,1990,93092592.59259
grd,1991,97548148.14815
grd,1992,99566666.66667
grd,1993,110425925.92593
grd,1994,126766666.66667
grd,1995,123762962.96296
grd,1996,131614814.81481
grd,1997,138940740.74074
grd,1998,165718518.51852
grd,1999,218018518.51852
grd,2000,235727418.88889
grd,2001,197133128.51852
grd,2002,172622222.22222
grd,2003,179535555.55556
grd,2004,197736918.51852
grd,2005,148871267.03704
grd,2006,162306468.14815
grd,2007,209545883.7037
grd,2008,207800809.25926
grd,2009,187237310
grd,2010,183762239.62963
grd,2011,196181942.96296
grd,2012,206490973.33333
grd,2013,209736588.14815
grd,2014,476137824.00534
grd,2015,506482682.93958
grd,2016,525024571.2978
grd,2017,584127841.4846
gtm,1977,1321700000
gtm,1978,1276200000
gtm,1979,1449900000
gtm,1980,1731000000
gtm,1981,1446400000
gtm,1982,1278000000
gtm,1983,1172000000
gtm,1984,1228200000
gtm,1985,1160800000
gtm,1986,1167500000
gtm,1987,1136200000
gtm,1988,1269100000
gtm,1989,1423800000
gtm,1990,1567500000
gtm,1991,1688800000
gtm,1992,1897700000
gtm,1993,2023600000
gtm,1994,2247600000
gtm,1995,2823400000
gtm,1996,2796500000
gtm,1997,3191700000
gtm,1998,3486800000
gtm,1999,3480100000
gtm,2000,3861300000
gtm,2001,3902957658.3805
gtm,2002,3964302180.36116
gtm,2003,4118665972.42066
gtm,2004,6205500000
gtm,2005,6767300000
gtm,2006,7601000000
gtm,2007,8714400000
gtm,2008,9965115511.75583
gtm,2009,9383571443.54068
gtm,2010,10803318404.5824
gtm,2011,12757492572.4392
gtm,2012,12537670892.7541
gtm,2013,12716157625.8157
gtm,2014,13821896757.9351
gtm,2015,13646908520.8099
gtm,2016,13365100000
gtm,2017,13954200000
gtm,2018,13883600000
guy,1977,275490196.18647
guy,1978,313764706.0054
guy,1979,311254902.08285
guy,1980,408627451.14064
guy,1981,369386666.798
guy,1982,264033333.42135
guy,1983,224866666.74162
guy,1984,246113105.04938
guy,1985,262026809.48006
guy,1992,487552000
guy,1993,530825000
guy,1994,584115000
guy,1995,629175000
guy,1996,712400000
guy,1997,738700000
guy,1998,686900000
guy,1999,669300000
guy,2000,672200000
guy,2001,657400000
guy,2002,662400000
guy,2003,664800000
guy,2004,744887000
guy,2005,693497000
guy,2006,727246000
guy,2007,847778000
guy,2008,1013400725.61759
guy,2009,938490818.3152
guy,2010,1133030208.38423
guy,2011,1426674912.85546
guy,2012,1713223752.10528
guy,2013,1539804817.74
guy,2014,1348029271.56116
guy,2015,1296096535.26197
guy,2016,1600078818.50673
high_income,1975,881095764351.14905
high_income,1976,983050074102.04395
high_income,1977,1114001016340.86035
high_income,1978,1320371050688.88037
high_income,1979,1668096409033.03003
high_income,1980,2001906444298.53003
high_income,1981,2002005203774.13989
high_income,1982,1859026784713.6897
high_income,1983,1789756959656.79004
high_income,1984,1863383633740.16016
high_income,1985,1898650811171.66968
high_income,1986,2188980606125.44043
high_income,1987,2591663601547.94971
high_income,1988,2960424273111.52979
high_income,1989,3197350675804.9502
high_income,1990,3735835083360.15967
high_income,1991,3816403808268.44922
high_income,1992,4102956091432.27002
high_income,1993,3989220860073.92041
high_income,1994,4445505351711.66016
high_income,1995,5331348191975.91113
high_income,1996,5608818250121.12988
high_income,1997,5781368395984.95996
high_income,1998,5741432522869.08984
high_income,1999,5936603137994.84863
high_income,2000,6493724619593.4707
high_income,2001,6234354604783.14062
high_income,2002,6471769600805.68164
high_income,2003,7445132713580.05957
high_income,2004,8953332507180.10938
high_income,2005,9918552282264.66016
high_income,2006,11208800882785.10156
high_income,2007,12918592760276.50195
high_income,2008,14463805623055.80078
high_income,2009,11606658413442.40039
high_income,2010,13439370927723.70117
high_income,2011,15724281890350.5957
high_income,2012,15778342528835.40039
high_income,2013,16254208940119.80273
high_income,2014,16602270473609.90039
high_income,2015,14841875919750.4043
high_income,2016,14696987906858.39648
high_income,2017,16005644078944.30273
high_income,2018,17345209197085.20117
hkg,1998,187183680495.78198
hkg,1999,186831745177.89401
hkg,2000,216341287949.75998
hkg,2001,207977224239.56995
hkg,2002,219708454606.55109
hkg,2003,243373251073.37201
hkg,2004,283699350288.67603
hkg,2005,322259589757.70892
hkg,2006,358355205527.65601
hkg,2007,394489192294.54297
hkg,2008,424137318245.71997
hkg,2009,381300703971.46399
hkg,2010,469441931862.77612
hkg,2011,528964931979.13086
hkg,2012,566901902017.37085
hkg,2013,610980946926.17712
hkg,2014,621081488103.40698
hkg,2015,606083932209.96802
hkg,2016,600082845618.10498
hkg,2017,644766864422.901
hkg,2018,682551209856.28003
hnd,1974,331849999.93123
hnd,1975,344350000
hnd,1976,453700000
hnd,1977,580650000
hnd,1978,687400000
hnd,1979,838000000
hnd,1980,941600000
hnd,1981,883550000
hnd,1982,766950000
hnd,1983,801000000
hnd,1984,847350000
hnd,1985,909400000
hnd,1986,1011700000
hnd,1987,950150000
hnd,1988,1025850000
hnd,1989,1060900000
hnd,1990,1032500000
hnd,1991,1015600000
hnd,1992,1041300000
hnd,1993,1223500000
hnd,1994,1343900000
hnd,1995,1634800000
hnd,1996,1921700000
hnd,1997,2191400000
hnd,1998,2425000000
hnd,1999,2230400000
hnd,2000,2542836069.7158
hnd,2001,2537807897.91089
hnd,2002,2678412941.7981
hnd,2003,2752777097.22376
hnd,2004,3237485421.52905
hnd,2005,3671862125.71246
hnd,2006,3937323132.58043
hnd,2007,4384225823.9969
hnd,2008,4865217970.49805
hnd,2009,4246434697.08203
hnd,2010,4939311177.07018
hnd,2011,6231512975.46935
hnd,2012,6666909899.13762
hnd,2013,6258866155.2933
hnd,2014,6764171000.59422
hnd,2015,6931268547.30191
hnd,2016,6844984780.69605
hnd,2017,7434611532.33511
hnd,2018,7284137355.11577
hrv,1993,6196066941.24164
hrv,1994,7259941708.2683
hrv,1995,6971775373.92238
hrv,1996,7974084600.08344
hrv,1997,8025208807.71812
hrv,1998,8544686561.65313
hrv,1999,8118848281.92958
hrv,2000,7614738388.5322
hrv,2001,8642445030.01184
hrv,2002,9855394194.64268
hrv,2003,13785557766.6679
hrv,2004,16385911238.0424
hrv,2005,17778681156.766
hrv,2006,20146137735.8017
hrv,2007,23526088707.7482
hrv,2008,27484013421.3713
hrv,2009,21797612763.3042
hrv,2010,22345655941.7061
hrv,2011,25363101843.84569
hrv,2012,23394126201.2966
hrv,2013,24868347467.4893
hrv,2014,26545131653.7236
hrv,2015,24388287969.6754
hrv,2016,25291745591.9202
hrv,2017,30243808903.8853
hrv,2018,31293024997.81401
hti,1971,64100000.01282
hti,1972,63899764.5318
hti,1973,76019999.94899
hti,1974,91819923.8649
hti,1975,105920000.02118
hti,1976,140700000.02814
hti,1977,174080000.03482
hti,1978,211220000.04224
hti,1979,212920000.04258
hti,1980,305680000.06114
hti,1981,241520000.0483
hti,1982,274860000.05497
hti,1983,289840000.05797
hti,1984,319040000.02659
hti,1985,337180000
hti,1986,292060000
hti,1987,320400000
hti,1988,274860000
hti,1989,236740000
hti,1990,318000000
hti,1991,224180000
hti,1992,111900000
hti,1993,116070000
hti,1994,66990000
hti,1995,192360000
hti,1996,191600000
hti,1997,379100000
hti,1998,473770000
hti,1999,531260000
hti,2000,503700000
hti,2001,444220000
hti,2002,421100000
hti,2003,469840000
hti,2004,512600000
hti,2005,605080000
hti,2006,689110000
hti,2007,779190000
hti,2008,917195653.31674
hti,2009,1034006544.64086
hti,2010,1016384389.4025
hti,2011,1311690270.9393
hti,2012,1327839725.02212
hti,2013,1566906102.03952
hti,2014,1662116685.61267
hti,2015,1747794245.0499
hti,2016,1617548694.95974
hti,2017,1526631857.43581
hun,1982,9671135159.30476
hun,1983,9566955659.96152
hun,1984,9684941973.85185
hun,1985,9199950518.16263
hun,1986,9926961750.64884
hun,1987,10947116676.8533
hun,1988,11035957011.9273
hun,1989,11783868449.6148
hun,1990,12035442661.3522
hun,1991,12213151309.1993
hun,1992,13502018395.624
hun,1993,10954529995.3299
hun,1994,10765179931.9452
hun,1995,17438950771.1617
hun,1996,18883928883.86781
hun,1997,21974955647.7661
hun,1998,25253017725.1233
hun,1999,26986503098.8275
hun,2000,31074302323.00731
hun,2001,34428108414.0555
hun,2002,38821335885.9626
hun,2003,48120937871.5207
hun,2004,62420578244.4523
hun,2005,71288270627.114
hun,2006,83765315348.29558
hun,2007,106668332586.403
hun,2008,126352491158.89101
hun,2009,97941726702.45827
hun,2010,107062799411.93401
hun,2011,122251369491.01599
hun,2012,110500829443.14499
hun,2013,115867271126.62799
hun,2014,122914442444.89998
hun,2015,109466394453.18401
hun,2016,113101331981.16402
hun,2017,123596775208.18301
hun,2018,134817935273.16899
idn,1981,23797000000
idn,1982,20251000000
idn,1983,19235000000
idn,1984,21324000000
idn,1985,19371000000
idn,1986,15240000000
idn,1987,18271000000
idn,1988,20878000000
idn,1989,24849000000
idn,1990,29295000000
idn,1991,32457000000
idn,1992,37187000000
idn,1993,40566000000
idn,1994,45020000000
idn,1995,52923000000
idn,1996,56787000000
idn,1997,63239000000.00001
idn,1998,54849971800
idn,1999,55840471034.80209
idn,2000,70621521117.0085
idn,2001,62865023699.99999
idn,2002,65828023965
idn,2003,69402126374.14
idn,2004,78813558769.02478
idn,2005,94679537822.54657
idn,2006,107400056941.62599
idn,2007,122265544100.13998
idn,2008,146055150859.01596
idn,2009,125322055265.41302
idn,2010,166636323443.41504
idn,2011,212996855848.88196
idn,2012,211006612793.01099
idn,2013,205033131237.09302
idn,2014,198823722296.05887
idn,2015,171345363235.03903
idn,2016,167793327281.48996
idn,2017,194210168760.01694
idn,2018,208678780207.96002
ind,1975,5506716461.9692
ind,1976,6466191483.17676
ind,1977,7565571017.55048
ind,1978,8124589101.05027
ind,1979,9679969986.92073
ind,1980,11274397263.3685
ind,1981,11234710725.9819
ind,1982,12159028818.9729
ind,1983,13059989650.5483
ind,1984,13423608500.9944
ind,1985,12849204785.9406
ind,1986,13476274302.0899
ind,1987,15247435579.9095
ind,1988,17301077321.6336
ind,1989,20283679802.9595
ind,1990,22911050152.3697
ind,1991,23020341172.32289
ind,1992,24953469070.621
ind,1993,27122896193.4142
ind,1994,31560671994.89929
ind,1995,38013243235.11569
ind,1996,40975672886.2795
ind,1997,44812659333.5248
ind,1998,45766843440.04581
ind,1999,51386266375.47221
ind,2000,59931697987.5545
ind,2001,62130222527.47381
ind,2002,70619282935.65839
ind,2003,84795030552.85098
ind,2004,116019759652.38199
ind,2005,154582031679.64899
ind,2006,193316062904.371
ind,2007,240082039833.71497
ind,2008,305119336663.06104
ind,2009,260847157421.86798
ind,2010,348035371769.33002
ind,2011,446375404070.60095
ind,2012,443845180758.27808
ind,2013,468273426431.43292
ind,2014,485583046457.59698
ind,2015,428630903175.94885
ind,2016,430433487927.69592
ind,2017,489400913160.19287
irl,2005,162745392481.927
irl,2006,176241068848.19501
irl,2007,208536591131.80798
irl,2008,218910294902.54004
irl,2009,202174321970.89896
irl,2010,207887697356.43399
irl,2011,231617665659.60696
irl,2012,226362069243.203
irl,2013,234496060504.56497
irl,2014,285156812492.5
irl,2015,362100467307.48499
irl,2016,352562858257.1571
irl,2017,399035303594.57587
irl,2018,452526024602.04089
irn,1976,27370000000
irn,1977,27775000000
irn,1978,20779000000
irn,1979,25751000000
irn,1980,13069000000
irn,1981,12387000000
irn,1982,20961000000
irn,1983,22047000000
irn,1984,17562000000
irn,1985,14545000000
irn,1986,7413000000
irn,1987,12147000000
irn,1988,10953000000
irn,1989,13527000000
irn,1990,19741000000
irn,1991,19329000000
irn,1992,20427000000
irn,1993,19164000000
irn,1994,19872000000
irn,1995,18953000000
irn,1996,23251000000
irn,1997,19573000000
irn,1998,14911000000
irn,1999,22246000000
irn,2000,29727000000
irq,2005,24052600000
irq,2006,30886500000
irq,2007,40454899999.99999
irq,2008,65224600000.00001
irq,2009,41622700000.00001
irq,2010,54593900000
irq,2011,82506000000
irq,2012,97040000000
irq,2013,93390982324.12999
irq,2014,88949100000
irq,2015,56370597777.87002
irq,2016,46829600000
irq,2017,63604256000
irq,2018,92830800000
isl,1976,574500000
isl,1977,724700000
isl,1978,902300000
isl,1979,1072400000
isl,1980,1199600000
isl,1981,1199200000
isl,1982,1026100000
isl,1983,1084500000
isl,1984,1090300000
isl,1985,1208300000
isl,1986,1550000000
isl,1987,1918000000
isl,1988,1957000000
isl,1989,1918400000
isl,1990,2148529489.72164
isl,1991,2125399349.35226
isl,1992,2118959197.11484
isl,1993,1999533675.06995
isl,1994,2179208142.12296
isl,1995,2494575734.29968
isl,1996,2658357125.5123
isl,1997,2688497056.65603
isl,1998,2874584406.86761
isl,1999,2913691517.80864
isl,2000,2898804274.57358
isl,2001,3036381308.06188
isl,2002,3317436938.13118
isl,2003,3725721304.02377
isl,2004,4483401254.27875
isl,2005,5105803640.4671
isl,2006,5292202595.45353
isl,2007,7128149725.02474
isl,2008,7422406092.14298
isl,2009,6391790426.56093
isl,2010,7136917524.68648
isl,2011,8304375837.2986
isl,2012,8104990973.57847
isl,2013,8590316601.39161
isl,2014,9147518431.71873
isl,2015,9007705802.14701
isl,2016,9868915586.16857
isl,2017,11329969837.0363
isl,2018,12234519876.2095
isr,1960,308000000
isr,1961,361000000
isr,1965,672000000
isr,1966,781000000
isr,1967,852000000
isr,1968,1082000000
isr,1969,1213000000
isr,1970,1310000000
isr,1971,1714000000
isr,1972,1954000000
isr,1973,2419000000
isr,1974,3169000000
isr,1975,3318000000
isr,1976,4026000000
isr,1977,5028000000
isr,1978,6058000000
isr,1979,7159000000
isr,1980,8668000000
isr,1981,8818700000
isr,1982,8392400000
isr,1983,8471800000
isr,1984,9198500000
isr,1985,9977300000
isr,1986,11015600000
isr,1987,13109000000
isr,1988,14473900000
isr,1989,15490300000
isr,1990,17312000000
isr,1991,16903600000
isr,1992,19432000000
isr,1993,20892700000
isr,1994,23820500000
isr,1995,27478300000
isr,1996,29636300000
isr,1997,31769800000
isr,1998,32873200000
isr,1999,37769000000
isr,2000,46591200000
isr,2001,40479800000
isr,2002,39313600000
isr,2003,43490499999.99999
isr,2004,53001600000
isr,2005,58074000000
isr,2006,62870500000
isr,2007,72517900000
isr,2008,83365300000
isr,2009,69377900000
isr,2010,82051500000
isr,2011,94193600000
isr,2012,92651000000
isr,2013,98594600000
isr,2014,100386000000
isr,2015,93969400000
isr,2016,95533000000
isr,2017,103242500000
isr,2018,110432500000
ita,1970,17091201742.9088
ita,1971,19360731119.77709
ita,1972,23595919038.4809
ita,1973,28051127586.2257
ita,1974,36624691171.58
ita,1975,42080787106.6155
ita,1976,44720929045.1608
ita,1977,54993696130.19391
ita,1978,68128599214.3299
ita,1979,87848407072.0876
ita,1980,95626389205.6389
ita,1981,92401520822.91597
ita,1982,89910963168.22009
ita,1983,89613086989.3289
ita,1984,91524572183.40529
ita,1985,95240651976.9545
ita,1986,119961934560.47401
ita,1987,144918049757.43399
ita,1988,156082866288.08801
ita,1989,170114495593.21204
ita,1990,216639820799.246
ita,1991,212731606511.98001
ita,1992,232610423698.45801
ita,1993,217620862482.49597
ita,1994,241586415260.01794
ita,1995,290153027752.40802
ita,1996,312090646866.35199
ita,1997,301477059713.375
ita,1998,305619856528.04193
ita,1999,290061123624.08801
ita,2000,293014681131.24396
ita,2001,299042986295.35492
ita,2002,311167342912.34497
ita,2003,367437945048.75397
ita,2004,432924679879.24792
ita,2005,456631970371.29211
ita,2006,510405590433.65796
ita,2007,605641714877.80872
ita,2008,649149561972.995
ita,2009,494358018358.5661
ita,2010,536144344703.20209
ita,2011,616879374056.01599
ita,2012,593494013355.349
ita,2013,615431031925.25806
ita,2014,631041069379.28101
ita,2015,548043361735.60004
ita,2016,554039815110.87097
ita,2017,608722857331.7981
ita,2018,659080005877.33301
jam,1976,889100000
jam,1977,955000000
jam,1978,1116500000
jam,1979,1170000000
jam,1980,1363400000
jam,1981,1404900000
jam,1982,1260400000
jam,1983,1225800000
jam,1984,1268600000
jam,1985,1178100000
jam,1986,1343000000
jam,1987,1562700000
jam,1988,1683700000
jam,1989,1905000000
jam,1990,2217100000
jam,1991,2188800000
jam,1992,2220500000
jam,1993,2366090000
jam,1994,3028200000
jam,1995,3393900000
jam,1996,3322900000
jam,1997,3399200000
jam,1998,3383800000
jam,1999,3477500000
jam,2000,3588500000
jam,2001,3351400000
jam,2002,3221360000
jam,2003,3523330000
jam,2004,3898758118.05485
jam,2005,3993993013.70342
jam,2006,4782290831.97466
jam,2007,5069134597.67238
jam,2008,5539114588.66485
jam,2009,4038281082.65904
jam,2010,4004373830.42721
jam,2011,4286304114.25417
jam,2012,4484222345.31401
jam,2013,4335595474.40964
jam,2014,4400824131.38956
jam,2015,4313628181.64028
jam,2016,4404773801.36882
jam,2017,4869630217.27781
jam,2018,5717040951.69035
jor,1972,112559875.77784
jor,1973,169826376.71983
jor,1974,252412616.23993
jor,1975,379309447.44018
jor,1976,551232493.25137
jor,1977,691421108.2916
jor,1978,869799880.96824
jor,1979,1133559535.45086
jor,1980,1578090532.87592
jor,1981,1893240456.98687
jor,1982,1863619215.70398
jor,1983,1704499904.4913
jor,1984,1882888238.26306
jor,1985,1955969054.58644
jor,1986,1790821741.48039
jor,1987,2224780236.88858
jor,1988,2428071923.92045
jor,1989,2348678720.31538
jor,1990,2510985814.87715
jor,1991,2480703083.2941
jor,1992,2668155315.90237
jor,1993,2819970126.50351
jor,1994,2986435679.88044
jor,1995,3478760900.76081
jor,1996,3663187588.15233
jor,1997,3572355430.18336
jor,1998,3627503526.09309
jor,1999,3533568406.20592
jor,2000,3538928067.70099
jor,2001,3781899118.0253
jor,2002,4552187069.60031
jor,2003,4829901269.39351
jor,2004,5998589562.76446
jor,2005,6713822284.90832
jor,2006,8201269393.51199
jor,2007,9387591273.27682
jor,2008,12699000439.2287
jor,2009,11061126760.5634
jor,2010,12751830985.9155
jor,2011,13743802816.9014
jor,2012,14307323943.662
jor,2013,14227746478.8732
jor,2014,15524929577.4648
jor,2015,14101971830.9859
jor,2016,13584225352.1127
jor,2017,14297464788.7324
jpn,1996,463448286179.45697
jpn,1997,473653405197.52106
jpn,1998,432295204232.75891
jpn,1999,460081514258.42407
jpn,2000,523723140996.31299
jpn,2001,443809272414.09998
jpn,2002,456896277082.51294
jpn,2003,521711100815.41504
jpn,2004,631340914707.16504
jpn,2005,672942493032.3772
jpn,2006,728564958770.03381
jpn,2007,802202392189.71973
jpn,2008,890158053215.87195
jpn,2009,669059383180.3772
jpn,2010,869989651841.15393
jpn,2011,930660438539.97424
jpn,2012,913614132577.11389
jpn,2013,830338357518.28601
jpn,2014,862973565685.06799
jpn,2015,784710796800.76477
jpn,2016,811524245542.46289
jpn,2017,875513551319.49207
jpn,2018,929360383977.39185
kaz,1995,5975100000
kaz,1996,6966000000
kaz,1997,7741200000
kaz,1998,6774800000
kaz,1999,6921200000
kaz,2000,10226116738.977
kaz,2001,10045522349.9055
kaz,2002,11424827347.8922
kaz,2003,14802421818.1757
kaz,2004,22469832051.5363
kaz,2005,30386526541.8786
kaz,2006,41438299042.6064
kaz,2007,51772937316.3537
kaz,2008,76256607574.61238
kaz,2009,48027070405.0367
kaz,2010,65510637110.49259
kaz,2011,89531623556.84698
kaz,2012,91925337449.85959
kaz,2013,91096687922.97209
kaz,2014,86075179284.30971
kaz,2015,51003837388.8438
kaz,2016,41570346380.4921
kaz,2017,53805890744.10201
kaz,2018,66905049879.3838
ken,1975,954761734.12586
ken,1976,1107546241.98851
ken,1977,1553060535.68228
ken,1978,1496238380.57321
ken,1979,1568898321.13774
ken,1980,2007361674.08268
ken,1981,1761591924.54355
ken,1982,1608082528.30217
ken,1983,1496148072.36757
ken,1984,1624129528.0379
ken,1985,1568391980.35522
ken,1986,1865369276.92433
ken,1987,1701237605.33471
ken,1988,1871686078.28885
ken,1989,1922861300.05476
ken,1990,2228475669.98282
ken,1991,2199770732.25114
ken,1992,2150707963.22834
ken,1993,3645307513.77634
ken,1994,4221058851.81919
ken,1995,3525749673.21189
ken,1996,3662160348.21056
ken,1997,4159561884.44627
ken,1998,4369985846.50146
ken,1999,4287329452.52991
ken,2000,2775598198.35933
ken,2001,3011496359.75606
ken,2002,3215667151.52567
ken,2003,3609867575.96581
ken,2004,4282488705.30231
ken,2005,5342241044.60482
ken,2006,5945776632.04311
ken,2007,7062801715.08981
ken,2008,8290551189.6958
ken,2009,7385115564.96222
ken,2010,8983066272.5496
ken,2011,9967810101.05657
ken,2012,11205421063.2503
ken,2013,10978240069.2488
ken,2014,11243141969.8422
ken,2015,10620454740.0246
ken,2016,9902134804.29453
ken,2017,10439799670.3929
kgz,1993,348298000
kgz,1994,372628000
kgz,1995,448082000
kgz,1996,562670000
kgz,1997,675810000
kgz,1998,597873650.16
kgz,1999,527502369.72
kgz,2000,572960117.6582
kgz,2001,563036360.4204
kgz,2002,640096844.911
kgz,2003,748522238.79657
kgz,2004,942984315.40521
kgz,2005,946253441.07878
kgz,2006,1284720114.90669
kgz,2007,2022605981.12923
kgz,2008,2680845409.51406
kgz,2009,2332014360.56181
kgz,2010,2201949743.76181
kgz,2011,3203900845.802
kgz,2012,3502107225.01233
kgz,2013,3815674786.61884
kgz,2014,3280839173.35999
kgz,2015,2425023595.28565
kgz,2016,2413588892.72608
kgz,2017,2573047225.71964
khm,1992,314200000
khm,1993,347572000
khm,1994,544400000
khm,1995,969200000
khm,1996,806400000
khm,1997,896400000
khm,1998,979333820.41301
khm,1999,1424265829.95084
khm,2000,1825560248.01192
khm,2001,2095786689.48529
khm,2002,2373990028.11467
khm,2003,2634778249.40812
khm,2004,3393818852.73366
khm,2005,4026087917.5649
khm,2006,5017028770.0563
khm,2007,4680647133.06962
khm,2008,5020493181.64083
khm,2009,4965510407.70694
khm,2010,5931384790.02975
khm,2011,7770774163.73532
khm,2012,8875886160.17969
khm,2013,10537592347.8133
khm,2014,11980390263.6543
khm,2015,13291033923.3282
khm,2016,14305832074.9459
khm,2017,15831866523.1595
khm,2018,18413935867.9151
kir,1979,27630079.92048
kir,1980,7738165.50793
kir,1981,10791591.16688
kir,1982,8061973.47068
kir,1983,8562947.35399
kir,1984,15140596.592
kir,1985,8999263.21727
kir,1986,7058276.96563
kir,1987,6923497.03819
kir,1988,11335968.07063
kir,1989,11919215.34929
kir,1990,11087721.85461
kir,1991,16278017.56175
kir,1992,19387531.53347
kir,1993,18820041.34479
kir,1994,23707534.44981
kir,2006,11460498.31622
kir,2007,21329553.94349
kir,2008,20747543.51722
kir,2009,19816255.76312
kir,2010,19137383.46434
kir,2011,25804929.61836
kir,2012,26425541.9184
kir,2013,22325318.56706
kir,2014,24138733.51295
kir,2015,26714746.7223
kir,2016,34297616.75459
kir,2017,29406439.91631
kna,1980,32222222.22222
kna,1981,34262962.96296
kna,1982,32037037.03704
kna,1983,31425925.92593
kna,1984,40466666.66667
kna,1985,43174074.07407
kna,1986,57844444.44444
kna,1987,69129629.62963
kna,1988,75159259.25926
kna,1989,79207407.40741
kna,1990,82385185.18519
kna,1991,96962962.96296
kna,1992,112796296.2963
kna,1993,115414814.81481
kna,1994,120948148.14815
kna,1995,118507407.40741
kna,1996,127618518.51852
kna,1997,140240740.74074
kna,1998,144981481.48148
kna,1999,146018518.51852
kna,2000,149988888.88889
kna,2001,152910740.74074
kna,2002,153305625.92593
kna,2003,165180740.74074
kna,2004,193949553.7037
kna,2005,226658082.96296
kna,2006,235708647.77778
kna,2007,233020487.77778
kna,2008,234687488.51852
kna,2009,174775618.14815
kna,2010,208130339.62963
kna,2011,242553925.18518
kna,2012,257246291.48148
kna,2013,294223214.81481
kna,2014,582229805.2749
kna,2015,525765425.61494
kna,2016,511985188.06637
kna,2017,527994250.92604
kor,1976,9341000000
kor,1977,12830000000
kor,1978,16770000000
kor,1979,19097000000
kor,1980,20041500000
kor,1981,24161800000
kor,1982,23862000000
kor,1983,25863400000
kor,1984,29298300000
kor,1985,26719800000
kor,1986,37559800000
kor,1987,52267900000
kor,1988,65692600000.00001
kor,1989,67709600000
kor,1990,70653500000
kor,1991,78598000000
kor,1992,85261300000
kor,1993,94868500000
kor,1994,110018600000
kor,1995,144002300000
kor,1996,149397600000
kor,1997,160620300000
kor,1998,154969600000
kor,1999,164257200000.00003
kor,2000,202080000000
kor,2001,177196200000
kor,2002,191979100000
kor,2003,230672300000.00003
kor,2004,301338300000
kor,2005,335799699999.99994
kor,2006,386122900000
kor,2007,454215800000
kor,2008,523955000000.00006
kor,2009,436472400000
kor,2010,546783399999.99994
kor,2011,677772700000.00012
kor,2012,706799100000.00012
kor,2013,721717500000.00012
kor,2014,725298800000.00012
kor,2015,640581099999.99988
kor,2016,606735200000
kor,2017,670011499999.99988
kor,2018,724494600000
kos,2004,385278610.94004
kos,2005,412824751.62787
kos,2006,514844570.66768
kos,2007,668045584.52236
kos,2008,795949849.02364
kos,2009,971224468.67752
kos,2010,1152603138.7283
kos,2011,1589940957.78437
kos,2012,1499999223.36116
kos,2013,1546334502.68516
kos,2014,1663506722.229
kos,2015,1414300842.31048
kos,2016,1596427132.41181
kos,2017,1959735374.66284
kos,2018,2085500471.41107
kwt,1975,9005892477.52571
kwt,1976,10232998548.101
kwt,1977,10186135166.7195
kwt,1978,10936084118.1776
kwt,1979,19296868685.81689
kwt,1980,21857404686.7166
kwt,1981,17414832980.5065
kwt,1982,11760578830.8213
kwt,1983,12340610497.1488
kwt,1984,13044568683.4841
kwt,1985,11511097555.7513
kwt,1986,8269250183.60892
kwt,1987,9251309600.38685
kwt,1988,8866453964.9517
kwt,1989,12740851767.1847
kwt,1990,8268187412.24801
kwt,1991,2071984200
kwt,1992,8041670266.50963
kwt,1993,11456453879.6562
kwt,1994,12668831506.4442
kwt,1995,14215219966.0094
kwt,1996,16438073598.1845
kwt,1997,16040938479.2923
kwt,1998,11383546503.0278
kwt,1999,13784815449.1023
kwt,2000,21301275543.5384
kwt,2001,17900972235.0537
kwt,2002,17014667695.3852
kwt,2003,24938297596.6282
kwt,2004,32771632168.3068
kwt,2005,50077397260.27399
kwt,2006,64897460155.4624
kwt,2007,72694881423.69279
kwt,2008,98902680285.10368
kwt,2009,65889143643.4391
kwt,2010,76139508378.41441
kwt,2011,112951737943.63599
kwt,2012,128479271753.661
kwt,2013,121924627440.85698
kwt,2014,111059556883.40799
kwt,2015,61391008321.38
kwt,2016,52145742588.7282
kwt,2017,60454022413.6485
kwt,2018,86461329564.55708
lao,1984,58900000
lao,1985,74900000
lao,1986,79400000
lao,1987,90600000
lao,1988,75600000
lao,1989,85800000
lao,1990,102400000
lao,1991,134400000
lao,1992,151600000
lao,1993,275000000
lao,1994,313500000
lao,1995,328100000
lao,1996,345200000
lao,1997,420900000
lao,1998,481300000
lao,1999,384700000
lao,2000,505960000
lao,2001,485587404.24957
lao,2002,476797398.02085
lao,2003,462873538.61453
lao,2004,542114463.82817
lao,2005,757313920.83573
lao,2006,1105460806.14077
lao,2007,1200833604.98474
lao,2008,1493533872.52858
lao,2009,1449937961.89767
lao,2010,2257398891.17722
lao,2011,2403621115.9553
lao,2012,2837105676.17213
lao,2013,3047026523.12695
lao,2014,4040904950.9353
lao,2015,4497378079.26
lao,2016,5079637263.2825
lao,2017,5706258065.26719
lbn,2002,5730432151.86907
lbn,2003,11263938147.3173
lbn,2004,11832864029.3765
lbn,2005,13225092306.3998
lbn,2006,14486624872.3821
lbn,2007,16332745748.9257
lbn,2008,22089183692.6208
lbn,2009,21097050714.1926
lbn,2010,20728852407.4142
lbn,2011,23378931348.3806
lbn,2012,20134666559.4365
lbn,2013,19974796920.0785
lbn,2014,18851485684.7752
lbn,2015,19461248159.3156
lbn,2016,18882187911.3238
lbn,2017,18950826453.6534
lbr,1979,11921084.47622
lbr,1980,13210956.15275
lbr,1981,11643299.09013
lbr,1982,10984366.3138
lbr,1983,9890451.7701
lbr,1984,10413721.90993
lbr,1985,10013194.13999
lbr,1986,10008887.38983
lbr,1987,9203525.10846
lbr,2004,317182835.845
lbr,2005,345501547.27942
lbr,2006,491132628.91877
lbr,2007,542371782.78032
lbr,2008,758569895.6205
lbr,2009,454072818.51755
lbr,2010,325037491.04895
lbr,2011,395093823.54943
lbr,2012,354972616.79323
lbr,2013,647927006.92591
lbr,2014,690084044.55278
lbr,2015,482196119.24114
lbr,2016,366424243.79487
lbr,2017,429591652.89325
lby,1977,10541764799.1115
lby,1978,10052997659.3661
lby,1979,16123235578.0702
lby,1980,22083713762.1969
lby,1981,14894017734.717
lby,1982,13864409460.0102
lby,1983,12509246693.1878
lby,1984,11197994968.736
lby,1985,10416040371.1498
lby,1986,5889108178.60361
lby,1987,5892697667.37689
lby,1988,5781649498.56904
lby,1989,7391147394.92923
lby,1990,11468437847.8384
lby,1991,10800477946.6542
lby,1992,10291477468.8525
lby,1993,8599067314.5319
lby,1994,7741234480.68318
lby,1995,7513423557.93308
lby,1996,7955819222.07664
lby,1997,8204118017.09216
lby,1998,5365776652.40735
lby,1999,7334887911.87156
lby,2000,12210000000
lby,2001,10818000000
lby,2002,10252000000
lby,2003,13320000000
lby,2004,17862000000
lby,2005,29383000000
lby,2006,37962000000
lby,2007,47037500000
lby,2008,62157799999.99999
lby,2009,37440000000
lby,2010,49345100000
lby,2011,19100200000
lby,2012,61178300000
lby,2013,46197800000
lby,2014,19379200000
lby,2015,11344000000
lby,2016,6849600000
lca,1976,31598623.79712
lca,1977,40400000
lca,1978,54500000
lca,1979,65700000
lca,1980,86500000
lca,1981,80100000
lca,1982,86300000
lca,1983,101700000
lca,1984,111800000
lca,1985,121500000
lca,1986,166481481.48148
lca,1987,180148148.14815
lca,1988,239444444.44444
lca,1989,252470370.37037
lca,1990,281555555.55556
lca,1991,286074074.07407
lca,1992,323851851.85185
lca,1993,327962962.96296
lca,1994,337603703.7037
lca,1995,379681481.48148
lca,1996,353118518.51852
lca,1997,358670370.37037
lca,1998,389874074.07407
lca,1999,369648148.14815
lca,2000,376874074.07407
lca,2001,327812592.59259
lca,2002,319191414.81481
lca,2003,390119214.81481
lca,2004,464234697.77778
lca,2005,524915899.25926
lca,2006,440208031.85185
lca,2007,457126484.44444
lca,2008,536058532.22222
lca,2009,543952124.07407
lca,2010,608868070
lca,2011,572842167.77778
lca,2012,604073669.62963
lca,2013,614324205.55555
lca,2014,954716785.27047
lca,2015,1009415723.07629
lca,2016,948777977.23471
lca,2017,986255309.00984
lka,1975,631924458.3831
lka,1976,632073228.7898
lka,1977,855111480.5632
lka,1978,950098235.9963
lka,1979,1134080843.521
lka,1980,1292731502.1679
lka,1981,1341886659.5167
lka,1982,1304433757.774
lka,1983,1359118753.7774
lka,1984,1737790053.2677
lka,1985,1561190566.0518
lka,1986,1513799418.7773
lka,1987,1722022197.0909
lka,1988,1816266671.1328
lka,1989,1850645652.1255
lka,1990,2292675574.7677
lka,1991,2549930882.0211
lka,1992,2922763299.3243
lka,1993,3420049766.2196
lka,1994,3962192733.1714
lka,1995,4617137520.1262
lka,1996,4860739175.7105
lka,1997,5513966512.0775
lka,1998,5724561726.8606
lka,1999,5560501790.1449
lka,2000,6378261513.3273
lka,2001,6172340000
lka,2002,5967450000
lka,2003,6543890000
lka,2004,7283840000
lka,2005,7886856760
lka,2006,8507509000
lka,2007,9414900000
lka,2008,10113000000
lka,2009,8976900000
lka,2010,11100010000
lka,2011,13642700000
lka,2012,13573442598.8333
lka,2013,15079332737.9697
lka,2014,16735027041.0809
lka,2015,16943161923.9021
lka,2016,17447855576.3542
lka,2017,19119981006.463
low_income,2005,53954213758.35201
low_income,2006,62702960408.9808
low_income,2007,75954383754.10912
low_income,2008,95163706212.20531
low_income,2009,79754236921.95758
low_income,2010,99652499887.66991
low_income,2011,118902970114.99698
low_income,2012,124810665169.722
low_income,2013,132726952214.69501
low_income,2014,137170835700.87698
low_income,2015,109914704005.508
low_income,2016,107726784321.38802
lower_middle_income,1981,114933805034.35803
lower_middle_income,1982,101100227046.98701
lower_middle_income,1983,98541502211.44707
lower_middle_income,1984,103992101990.41702
lower_middle_income,1985,102345966912.04898
lower_middle_income,1986,89652765020.3284
lower_middle_income,1987,103514292459.31802
lower_middle_income,1988,115723057065.46602
lower_middle_income,1989,129746867042.37698
lower_middle_income,1990,154225226510.09406
lower_middle_income,1991,158795647249.98502
lower_middle_income,1992,173161571356.87198
lower_middle_income,1993,181249753668.68997
lower_middle_income,1994,201941547184.88602
lower_middle_income,1995,227646796404.72894
lower_middle_income,1996,252136383310.10303
lower_middle_income,1997,276041192727.01196
lower_middle_income,1998,255642649611.11197
lower_middle_income,1999,266752888879.78888
lower_middle_income,2000,317775797026.60815
lower_middle_income,2001,309506171858.44501
lower_middle_income,2002,333316022890.664
lower_middle_income,2003,390901564288.18298
lower_middle_income,2004,494615703183.25397
lower_middle_income,2005,615640585281.33301
lower_middle_income,2006,729669247085.14893
lower_middle_income,2007,873838326602.86523
lower_middle_income,2008,1091698253200.17981
lower_middle_income,2009,888899930724.38794
lower_middle_income,2010,1142298712951.37964
lower_middle_income,2011,1413731246681.23022
lower_middle_income,2012,1445897898506.89038
lower_middle_income,2013,1483611903167.73999
lower_middle_income,2014,1496877250512.73999
lower_middle_income,2015,1308531572462.27002
lower_middle_income,2016,1298648656418.64014
lower_middle_income,2017,1503610935172.34985
lso,1975,25557541.30317
lso,1976,29899999.974
lso,1977,29324999.9745
lso,1978,49794999.9567
lso,1979,57718165.62681
lso,1980,90391564.50287
lso,1981,79537004.1362
lso,1982,49860863.05426
lso,1983,44279190.93155
lso,1984,40825787.77387
lso,1985,31868795.56288
lso,1986,35204639.2259
lso,1987,60561664.58054
lso,1988,82273168.26282
lso,1989,84454975.27529
lso,1990,88859072.73591
lso,1991,91690873.55669
lso,1992,134045802.65189
lso,1993,159063268.16646
lso,1994,168333498.83736
lso,1995,184102158.86807
lso,1996,217078601.71125
lso,1997,268252022.27763
lso,1998,263391553.97984
lso,1999,227279609.47132
lso,2000,268287630.50615
lso,2001,376475304.84301
lso,2002,437700119.36005
lso,2003,587769220.24934
lso,2004,698855620.66988
lso,2005,668079975.63377
lso,2006,756985142.73303
lso,2007,872263478.00362
lso,2008,932383113.76014
lso,2009,775684312.86907
lso,2010,923784769.41137
lso,2011,1220755037.13244
lso,2012,1013732446.02548
lso,2013,879901893.64701
lso,2014,905553166.47531
lso,2015,974292120.99181
lso,2016,940488264.16045
lso,2017,1060892874.53663
lso,2018,1207346730.74901
ltu,1993,2223566834.5863
ltu,1994,2351141176.16978
ltu,1995,3191312500
ltu,1996,4210677500
ltu,1997,4630160000
ltu,1998,4464200000
ltu,1999,3652772500
ltu,2000,4440560000
ltu,2001,5278625000
ltu,2002,6303023461.9183
ltu,2003,8096260231.61326
ltu,2004,10742465028.6205
ltu,2005,14013409658.3726
ltu,2006,16831051420.1357
ltu,2007,20079170611.7182
ltu,2008,27565636578.4312
ltu,2009,19539529824.3801
ltu,2010,24245769641.3939
ltu,2011,32639055669.5189
ltu,2012,34959613161.0165
ltu,2013,39046079383.7635
ltu,2014,39259622173.6708
ltu,2015,31393656469.1274
ltu,2016,31817891818.6884
ltu,2017,38623799596.3279
ltu,2018,43998832606.7761
lux,1999,25699262619.1407
lux,2000,28936319338.1797
lux,2001,28940886559.3767
lux,2002,30804805349.21749
lux,2003,37616028889.54911
lux,2004,48367155813.59599
lux,2005,54818338927.2839
lux,2006,66920418658.2917
lux,2007,82916133485.0386
lux,2008,91311606723.86089
lux,2009,75209281294.16348
lux,2010,82219881624.51169
lux,2011,96333606835.6745
lux,2012,102452910493.754
lux,2013,116681482840.44099
lux,2014,129887941083.85004
lux,2015,119119633129.14899
lux,2016,117614649939.56902
lux,2017,123671889706.424
lux,2018,135986571701.04701
lva,1992,1090400444
lva,1993,1587762000
lva,1994,1678835000
lva,1995,2087623000
lva,1996,2405938000
lva,1997,2589216000
lva,1998,2803200000
lva,1999,2648000000
lva,2000,2342841746.74528
lva,2001,2548260148.02142
lva,2002,2903682937.17977
lva,2003,3900846875.75876
lva,2004,5376623693.36428
lva,2005,7272468789.67001
lva,2006,8653206309.82623
lva,2007,12137328776.8185
lva,2008,14453465337.5088
lva,2009,11400775767.5103
lva,2010,12855692404.6006
lva,2011,16374378728.8629
lva,2012,17226328971.9531
lva,2013,18219513049.8542
lva,2014,19025961877.2913
lva,2015,16289167139.5271
lva,2016,16553329340.95
lva,2017,18374798943.8899
mac,2002,6875105994.74112
mac,2003,7657751941.30798
mac,2004,10086711329.8206
mac,2005,10261437453.4266
mac,2006,11682859908.575
mac,2007,14545875091.9369
mac,2008,16757424155.1375
mac,2009,16948588151.9187
mac,2010,24689832969.1053
mac,2011,33286266594.03079
mac,2012,39204378559.37961
mac,2013,46726066023.0678
mac,2014,47010430965.1916
mac,2015,35342771119.96489
mac,2016,34534075623.0358
mac,2017,40582290213.77399
mar,1975,1998443343.41935
mar,1976,1696417712.41486
mar,1977,1840039304.51859
mar,1978,2138237862.27532
mar,1979,2672302676.42898
mar,1980,3232785949.09569
mar,1981,3047582835.74221
mar,1982,2919298409.21552
mar,1983,2920412844.33986
mar,1984,2999628380.72748
mar,1985,3144813417.36127
mar,1986,3560935916.90761
mar,1987,4177181497.08855
mar,1988,5387524896.0002
mar,1989,4980539582.34422
mar,1990,6238558823.79703
mar,1991,6117348433.07625
mar,1992,6377113743.1738
mar,1993,6067293748.92626
mar,1994,6458202823.84057
mar,1995,7566067408.56005
mar,1996,8177950370.44948
mar,1997,7863037816.30799
mar,1998,8280045489.49229
mar,1999,8817554465.02312
mar,2000,8850886528.09601
mar,2001,9547663336.42249
mar,2002,10522628112.547
mar,2003,12333845068.841
mar,2004,14498316961.7924
mar,2005,16592106518.6742
mar,2006,19415061368.55849
mar,2007,23949506257.5875
mar,2008,30553936978.4759
mar,2009,23998812767.2247
mar,2010,27045459856.5698
mar,2011,31844811122.7425
mar,2012,32338623017.30049
mar,2013,32614403876.4055
mar,2014,36213462302.8064
mar,2015,33292321658.95
mar,2016,34394352740.42231
mar,2017,38836212339.6926
mar,2018,43129393306.5496
mda,1994,651304000
mda,1995,883530000
mda,1996,928890000
mda,1997,1002340000
mda,1998,739270000
mda,1999,551190000
mda,2000,560340000
mda,2001,635420000
mda,2002,755110000
mda,2003,936860000
mda,2004,1174210000
mda,2005,1332220000
mda,2006,1322050000
mda,2007,1745450000
mda,2008,2149730000
mda,2009,1708870000
mda,2010,1952631249.64333
mda,2011,2740636062.16333
mda,2012,2707690000
mda,2013,3040670000
mda,2014,2958710000
mda,2015,2488420000
mda,2016,2608050000
mda,2017,3101600000
mda,2018,3430180000
mdg,1974,280344614.4898
mdg,1975,381546381.96101
mdg,1976,329944078.18455
mdg,1977,385422019.66777
mdg,1978,439875030.53184
mdg,1979,487681429.16996
mdg,1980,515906119.39746
mdg,1981,393441416.40905
mdg,1982,376541341.93105
mdg,1983,355140657.33662
mdg,1984,390449888.79592
mdg,1985,349883580.95181
mdg,1986,398068528.07201
mdg,1987,422450773.77761
mdg,1988,402897671.81829
mdg,1989,453475735.72403
mdg,1990,470509365.4349
mdg,1991,483420146.45628
mdg,1992,500781487.50872
mdg,1993,521799107.26532
mdg,1994,655718874.38692
mdg,1995,749040294.5402
mdg,1996,780791307.77006
mdg,1997,639933816.36431
mdg,1998,671829146.85839
mdg,1999,729839944.93756
mdg,2000,823059589.9976
mdg,2001,1014983737.98883
mdg,2002,1085673149.90703
mdg,2003,811494919.6
mdg,2004,916388840.7
mdg,2005,1325063374.7924
mdg,2006,1634765494.22174
mdg,2007,2203439664.76157
mdg,2008,2609645465.92699
mdg,2009,1916503251.27265
mdg,2010,2118363705.92667
mdg,2011,2640896010.30346
mdg,2012,2806792296.87342
mdg,2013,3181500196.63944
mdg,2014,3501236899.20186
mdg,2015,3106697416.03231
mdg,2016,3330560887.99553
mdg,2017,4072882582.15318
mdv,1977,10000000
mdv,1978,12800000
mdv,1979,41800000
mdv,1980,65200000
mdv,1981,74500000
mdv,1982,76600000
mdv,1983,76700000
mdv,1984,84500000
mdv,1985,91100000
mdv,1986,96596965.33207
mdv,1987,111211085.39662
mdv,1988,127974179.72563
mdv,1989,150107074.59517
mdv,1990,179100000
mdv,1991,184269673.07343
mdv,1992,219361370.7547
mdv,1993,213373324
mdv,1994,272840205.35686
mdv,1995,317829091.6476
mdv,1996,368967241.62394
mdv,1997,401827365.28366
mdv,1998,426929778.39578
mdv,1999,434265496.59269
mdv,2000,457154968.74332
mdv,2001,464263807.31215
mdv,2002,495339414.07353
mdv,2003,583919341.71935
mdv,2004,688630373.96854
mdv,2005,484516360.75432
mdv,2006,777115027.70196
mdv,2007,1803881344.09066
mdv,2008,1969750759.02106
mdv,2009,1712197739.8008
mdv,2010,2007435763.05067
mdv,2011,2444770947.48524
mdv,2012,2485947777.59969
mdv,2013,2907893890.20851
mdv,2014,3299197715.75911
mdv,2015,3145104894.24385
mdv,2016,3147553740.5414
mdv,2017,3290067780.92444
mex,1979,15181000000
mex,1980,20875000000
mex,1981,26061000000
mex,1982,26218000000
mex,1983,27217000000
mex,1984,30192000000
mex,1985,27741000000
mex,1986,22043000000
mex,1987,27529000000
mex,1988,28968000000
mex,1989,33051000000
mex,1990,38484000000
mex,1991,39774000000
mex,1992,41534000000
mex,1993,44960000000
mex,1994,50737270000
mex,1995,63142290000
mex,1996,75370878000.00002
mex,1997,84319217999.99998
mex,1998,129200335000
mex,1999,148095816000
mex,2000,179876114959
mex,2001,171480742850.00003
mex,2002,173823699980.70901
mex,2003,177422936924.99997
mex,2004,202000020494.11105
mex,2005,230368761650
mex,2006,266331401847.00003
mex,2007,289829157833
mex,2008,309858836924.99994
mex,2009,245084582127
mex,2010,314349098491
mex,2011,365827163734
mex,2012,387834595992
mex,2013,398822705946
mex,2014,418831817864
mex,2015,403879297672
mex,2016,398516765911
mex,2017,437417656401.99994
mex,2018,479938788536
mhl,2005,33288668.49781
mhl,2006,27656197.44543
mhl,2007,27729284.09406
mhl,2008,29760576.82603
mhl,2009,30934195.9268
mhl,2010,54962693.65238
mhl,2011,77228669.51682
mhl,2012,116703124.03382
mhl,2013,112784626.53262
mhl,2014,88726850.39609
mhl,2015,47175688.83716
mhl,2016,46081871.48112
mli,1975,94744646.5783
mli,1976,112219897.60787
mli,1977,148486024.6682
mli,1978,131394770.64438
mli,1979,191329848.64389
mli,1980,262685141.92518
mli,1981,200381661.70666
mli,1982,190197232.97003
mli,1983,208756468.64224
mli,1984,232746191.92865
mli,1985,233359988.91878
mli,1986,273746416.17994
mli,1987,338394766.97062
mli,1988,316268468.46153
mli,1989,345038045.01856
mli,1990,419775178.63656
mli,1991,441641080.41903
mli,1992,442363532.4856
mli,1993,446775136.11926
mli,1994,403923096.7511
mli,1995,529401649.46498
mli,1996,524706724.30783
mli,1997,642627517.84909
mli,1998,639603127.35178
mli,1999,680762694.3639
mli,2000,643138003.95393
mli,2001,876365966.86817
mli,2002,1044531308.03004
mli,2003,1152096762.55697
mli,2004,1217581858.6308
mli,2005,1375173097.83774
mli,2006,1863603809.07807
mli,2007,1932869194.47808
mli,2008,2551443927.49303
mli,2009,2128016038.74093
mli,2010,2436313310.41596
mli,2011,2800656712.85559
mli,2012,3346095006.25647
mli,2013,3301859720.5799
mli,2014,3235772605.03493
mli,2015,3149603960.05709
mli,2016,3285699670.21499
mli,2017,3404922670.19247
mlt,1971,133134360.20306
mlt,1972,171918269.38733
mlt,1973,247561891.14389
mlt,1974,321934896.13929
mlt,1975,388270456.24361
mlt,1976,433508507.12461
mlt,1977,515972698.94916
mlt,1978,626389310.97104
mlt,1979,807041037.76339
mlt,1980,1018740111.80011
mlt,1981,911815984.13541
mlt,1982,751439127.85369
mlt,1983,688635852.81962
mlt,1984,676956336.58615
mlt,1985,709147296.98755
mlt,1986,904597416.36486
mlt,1987,1210159434.62216
mlt,1988,1433249040.36995
mlt,1989,1535757584.45304
mlt,1990,1950099122.06174
mlt,1991,2144773660.64178
mlt,1992,2493665144.18304
mlt,1993,2320438795.04878
mlt,1994,2613024368.18269
mlt,1995,2994462111.90756
mlt,1996,2841912579.32486
mlt,1997,2767480913.83673
mlt,1998,3007272591.14398
mlt,1999,3234849615.88745
mlt,2000,3577461166.7344
mlt,2001,3150985938.28351
mlt,2002,3587535368.62717
mlt,2003,4043762568.24737
mlt,2004,6245239083.1091
mlt,2005,6699492574.44441
mlt,2006,8391376683.94109
mlt,2007,10324686832.5625
mlt,2008,13476933557.4833
mlt,2009,12663203775.6364
mlt,2010,13394731629.6545
mlt,2011,15268850012.1587
mlt,2012,15229157068.9284
mlt,2013,15935618098.5954
mlt,2014,16713480682.3046
mlt,2015,16470042997.8657
mlt,2016,17390484270.3034
mlt,2017,19299003127.6013
mlt,2018,21025558336.6865
mmr,1976,201763864.82987
mmr,1977,243716679.90767
mmr,1978,301879874.10801
mmr,1979,407187830.05581
mmr,1980,485351299.40966
mmr,1981,611566357.26668
mmr,1982,510048128.15669
mmr,1983,443524665.20241
mmr,1984,429902603.06611
mmr,1985,377532451.82257
mmr,1986,397164928.36493
mmr,1987,288689941.67418
mmr,1988,212619496.09092
mmr,1989,279363922.26096
mmr,1990,316034281.99244
mmr,1991,304232559.42416
mmr,1992,643677618.30881
mmr,1993,877447424.1137
mmr,1994,1128078331.1878
mmr,1995,1294170784.39315
mmr,1996,1365617776.6566
mmr,1997,1496204175.1486
mmr,1998,1691294163.80555
mmr,1999,1788166831.32109
mmr,2000,2109741992.18745
mmr,2001,2470759078.67014
mmr,2002,2422400666.45073
mmr,2003,2609394591.25432
mmr,2004,2920281746.97244
mmr,2005,3783093111.50074
mmr,2006,4535321861.41933
mmr,2007,5737336232.48762
mmr,2008,6262076519.65794
mmr,2009,6252640446.19297
mmr,2010,7703969922.90472
mmr,2011,8457499472.53735
mmr,2012,9451615664.72613
mmr,2013,12149576073.7374
mmr,2014,13154341344.599
mmr,2015,13742209610.4558
mmr,2016,13030280785.8501
mmr,2017,13657390651.6023
mne,2007,1581744303.96947
mne,2008,1815885502.72938
mne,2009,1436422970.75448
mne,2010,1497416340.43062
mne,2011,1924810727.20631
mne,2012,1701328037.47652
mne,2013,1842599108.45238
mne,2014,1841617154.84183
mne,2015,1713126769.54071
mne,2016,1783967022.3677
mne,2017,2024355540.11464
mne,2018,2346169844.66943
mng,1981,475400000
mng,1982,567100000
mng,1983,612100000
mng,1984,648800000
mng,1985,637000000
mng,1986,825100000
mng,1987,906100000
mng,1988,923400000
mng,1989,832200000
mng,1990,492900000
mng,1991,373000000
mng,1992,390600000
mng,1993,391800000
mng,1994,412400000
mng,1995,508300000
mng,1996,479100000
mng,1997,621200000
mng,1998,540200000
mng,1999,525235829
mng,2000,613341772.94782
mng,2001,636700831.33446
mng,2002,708483759.61567
mng,2003,835220336.74
mng,2004,1210291513.23
mng,2005,1480542569.84905
mng,2006,2029686290.49263
mng,2007,2524473193.42078
mng,2008,3027961735.62949
mng,2009,2298465176.23772
mng,2010,3393687996.28894
mng,2011,4576938389.37679
mng,2012,4451983015.63196
mng,2013,4478132777.64294
mng,2014,6077853793.77852
mng,2015,5135249417.40351
mng,2016,5604859840.83562
mng,2017,6800649749.07547
mng,2018,7668150164.29522
moz,2005,2087225321.95638
moz,2006,2776770829.02961
moz,2007,2870848582.03131
moz,2008,3208560377.43641
moz,2009,2758853794.77511
moz,2010,2578149191.77965
moz,2011,3484267494.83636
moz,2012,4647648446.65918
moz,2013,4768107024.54216
moz,2014,4641233385.75175
moz,2015,4135891581.72863
moz,2016,3768685987.62173
moz,2017,5382812418.55105
mrt,1975,185364552.22363
mrt,1976,201322679.34635
mrt,1977,178756775.03711
mrt,1978,152461413.48497
mrt,1979,192624067.11336
mrt,1980,252776472.0021
mrt,1981,318826675.86921
mrt,1982,287275244.27346
mrt,1983,345619849.79498
mrt,1984,321817041.95435
mrt,1985,398611921.90655
mrt,1986,442487394.95898
mrt,1987,436948135.44792
mrt,1988,472862157.16453
mrt,1989,481499319.69513
mrt,1990,470667047.10392
mrt,1991,466967000.55931
mrt,1992,426926203.72472
mrt,1993,424366924.88635
mrt,1994,425660530.04248
mrt,1995,504283274.03964
mrt,1996,511595593.50443
mrt,1997,458527965.58082
mrt,1998,392612669.17509
mrt,2012,2786123475.04023
mrt,2013,2837714186.16883
mrt,2014,2216876688.74357
mrt,2015,1634736921.32039
mrt,2016,1670610375.81556
mrt,2017,1889585455.27552
mus,1976,325823820.20958
mus,1977,400011603.37354
mus,1978,437429775.63672
mus,1979,514892869.4442
mus,1980,573507642.83069
mus,1981,506795600.49374
mus,1982,507240711.72001
mus,1983,508533939.30538
mus,1984,506437042.60186
mus,1985,574713263.95662
mus,1986,883980635.69525
mus,1987,1211114892.97819
mus,1988,1379028072.0881
mus,1989,1397988603.10431
mus,1990,1721940148.55215
mus,1991,1781718032.00487
mus,1992,1912137867.88821
mus,1993,1900665938.53986
mus,1994,2009647167.55968
mus,1995,2349376281.53941
mus,1996,2771329131.08561
mus,1997,2493771941.66224
mus,1998,2586250372.50991
mus,1999,2624811525.80306
mus,2000,2622375788.26226
mus,2001,2850214121.9611
mus,2002,2950015984.859
mus,2003,3178156448.28543
mus,2004,3448749794.35166
mus,2005,3756457492.68058
mus,2006,4000143532.99071
mus,2007,4443070452.73427
mus,2008,4927806423.66777
mus,2009,4177497773.99491
mus,2010,4956580726.07108
mus,2011,5825963411.4879
mus,2012,6057058208.39713
mus,2013,5645495475.88268
mus,2014,5997935282.99094
mus,2015,5394631907.53723
mus,2016,5201359542.26158
mus,2017,5391592172.41552
mus,2018,5557962181.38892
mwi,1977,213195274.09375
mwi,1978,210134558.07018
mwi,1979,257198775.93769
mwi,1980,312524756.29414
mwi,1981,316207182.14318
mwi,1982,267548621.51771
mwi,1983,274948997.03376
mwi,1984,338833151.85542
mwi,1985,271421618.78414
mwi,1986,268500972.59312
mwi,1987,305965951.21432
mwi,1988,331940703.30799
mwi,1989,299290729.16859
mwi,1990,443075276.86861
mwi,1991,514034735.69215
mwi,1992,428415766.62715
mwi,1993,347416990.86221
mwi,1994,349125298.10603
mwi,1995,469630111.30019
mwi,1996,546279727.55817
mwi,1997,579057933.88844
mwi,1998,571078083.74254
mwi,1999,497675606.91974
mwi,2000,437418259.87856
mwi,2001,471553504.46948
mwi,2002,471861073.30897
mwi,2003,619455615.90392
mwi,2004,572276063.38406
mwi,2005,608690281.71653
mwi,2006,785537600.58726
mwi,2007,877240399.29926
mwi,2008,1024527619.50384
mwi,2009,1347464867.39039
mwi,2010,1222623901.35877
mwi,2011,1604267507.40356
mwi,2012,1381901530.60564
mwi,2013,1395383368.53777
mwi,2014,1642096610.60744
mwi,2015,1547633919.14816
mwi,2016,1216933019.97882
mwi,2017,1241436536.74294
mys,1974,4571539357.76407
mys,1975,4235972345.32754
mys,1976,5690959347.94072
mys,1977,6584369944.9619
mys,1978,8008059731.51349
mys,1979,11863692966.7142
mys,1980,14097677878.7362
mys,1981,13086529598.3965
mys,1982,13649102403.8256
mys,1983,15655358110.0899
mys,1984,18453332957.9934
mys,1985,17184971389.2571
mys,1986,15636611325.067
mys,1987,20149320372.0376
mys,1988,23358938947.4756
mys,1989,27646134110.2131
mys,1990,32664725726.6972
mys,1991,38086349421.83209
mys,1992,44811865770.7583
mys,1993,52649571985.4939
mys,1994,66217227227.51959
mys,1995,83368732083.6459
mys,1996,92120547270.05881
mys,1997,93265596905.05728
mys,1998,83399522216.91348
mys,1999,95967605263.15788
mys,2000,112286421052.632
mys,2001,102362894736.84201
mys,2002,108234289473.68399
mys,2003,118569842105.263
mys,2004,143900465789.47403
mys,2005,161352673617.09598
mys,2006,182565806815.99203
mys,2007,205620995759.12399
mys,2008,229973830065.32401
mys,2009,186349502275.30704
mys,2010,222011698915.43399
mys,2011,254006731759.28995
mys,2012,249376200391.97598
mys,2013,244385450722.88599
mys,2014,249538834188.69101
mys,2015,209568171911.51398
mys,2016,201120552699.39496
mys,2017,224994459039.98001
nam,1990,1220142457.52927
nam,1991,1323862000.53236
nam,1992,1481128687.70813
nam,1993,1521264724.65094
nam,1994,1579475789.2474
nam,1995,1733678697.90755
nam,1996,1741077477.03674
nam,1997,1723430135.59502
nam,1998,1605344394.83257
nam,1999,1471511805.32456
nam,2000,1483285188.31833
nam,2001,1427000839.01629
nam,2002,1337410076.51633
nam,2003,1676488719.70202
nam,2004,2302817826.12579
nam,2005,2482519984.50579
nam,2006,3172337400.59535
nam,2007,3520755206.06388
nam,2008,3695114427.15573
nam,2009,3690648099.74964
nam,2010,4609146829.29803
nam,2011,4711451202.99975
nam,2012,5084767942.06452
nam,2013,4399109003.54063
nam,2014,4823163541.8294
nam,2015,4090570037.01059
nam,2016,3760070925.07405
nam,2017,4475791736.76294
nam,2018,4961819646.41056
ncl,2002,805387568.23539
ncl,2003,1201055914.94516
ncl,2004,1487582802.96348
ncl,2005,1461156450.08205
ncl,2006,1788007483.30753
ncl,2007,2640689286.52718
ncl,2008,1791868734.09565
ncl,2009,1454797243.06057
ncl,2010,1940456436.92578
ncl,2011,2296851344.4415
ncl,2012,1947883382.09372
ncl,2013,1915925145.97845
ncl,2014,2211473914.56922
ncl,2015,1771207610.08172
ncl,2016,1875156824.27746
ner,1974,99374890.54426
ner,1975,162421393.88053
ner,1976,195011105.30418
ner,1977,222667981.89347
ner,1978,319167425.67788
ner,1979,520633433.34916
ner,1980,616642721.27171
ner,1981,524466338.59437
ner,1982,423132544.97737
ner,1983,375562203.05803
ner,1984,334628148.39158
ner,1985,297985837.05182
ner,1986,398529157.5553
ner,1987,531512700.89597
ner,1988,467019747.68012
ner,1989,422487440.66018
ner,1990,532837907.86894
ner,1991,401078443.90538
ner,1992,404984210.67833
ner,1993,336877140.22253
ner,1994,257204236.77496
ner,1995,321347302.07827
ner,1996,368329791.53207
ner,1997,310506270.47511
ner,1998,369309847.67321
ner,1999,320893744.59018
ner,2000,320614616.24193
ner,2001,329206443.68953
ner,2002,329999846.20708
ner,2003,415133980.90901
ner,2004,530060670.05484
ner,2005,565091947.34518
ner,2006,598508165.00033
ner,2007,747157977.58136
ner,2008,1043132018.21412
ner,2009,1096776865.6986
ner,2010,1270052864.56249
ner,2011,1339668141.28372
ner,2012,1517797871.07886
ner,2013,1735679165.66278
ner,2014,1729770499.54561
ner,2015,1318814336.82359
ner,2016,1229823999.68858
ner,2017,1428994344.27992
nga,1977,12936228105.9397
nga,1978,11317986728.3614
nga,1979,17759716952.8853
nga,1980,27071172783.9087
nga,1981,18770999751.5563
nga,1982,12657001206.9491
nga,1983,10757722286.0949
nga,1984,12289188092.2307
nga,1985,13429568191.5891
nga,1986,5334783287.68661
nga,1987,7784041162.88572
nga,1988,7238757172.56022
nga,1989,8423249444.82049
nga,1990,14550381537.9359
nga,1991,13140203698.4019
nga,1992,12843759890.7731
nga,1993,11072588286.6981
nga,1994,9829969085.28823
nga,1995,3840512881.58183
nga,1996,5279477112.81601
nga,1997,4878570066.56933
nga,1998,2808064126.79099
nga,1999,13855883974.2208
nga,2000,20965436458.51089
nga,2001,19644892959.4876
nga,2002,18137444461.1618
nga,2003,27448726478.0435
nga,2004,38102757791.7574
nga,2005,56994046166.6791
nga,2006,59232839787.0216
nga,2007,67494191530.978
nga,2008,88023848293.46519
nga,2009,58384595091.0871
nga,2010,82698980431.77689
nga,2011,102438079434.94701
nga,2012,98524143135.8976
nga,2013,99419264724.26047
nga,2014,83829813832.50459
nga,2015,50377538493.8819
nga,2016,38413256103.6934
nga,2017,50764155610.6158
nic,1977,719300000
nic,1978,720200000
nic,1979,672200000
nic,1980,494800000
nic,1981,553300000
nic,1982,446800000
nic,1983,498000000
nic,1984,460800000
nic,1985,344400000
nic,1986,287300000
nic,1987,324600000
nic,1988,273100000
nic,1989,340700000
nic,1990,392200000
nic,1991,338300000
nic,1992,309300000
nic,1993,367200000
nic,1994,464692000
nic,1995,613520506
nic,1996,645728000
nic,1997,799134000
nic,1998,832064000
nic,1999,841122000
nic,2000,953600000
nic,2001,930600000
nic,2002,904400000
nic,2003,1012700000
nic,2004,1225100000
nic,2005,1411130000
nic,2006,2112700000
nic,2007,2454400000
nic,2008,2932500000
nic,2009,2827100000
nic,2010,3545000000
nic,2011,4402600000
nic,2012,4999800000
nic,2013,4964100000
nic,2014,5344000000
nic,2015,5112800000
nic,2016,5165700000
nic,2017,5700100000
nic,2018,5511500000
nld,1967,8787292811.31969
nld,1968,9899999992.83481
nld,1969,11641712698.7566
nld,1970,13596408829.9385
nld,1971,16647440062.1293
nld,1972,20441704865.6542
nld,1973,28397311410.1668
nld,1974,38999797913.6466
nld,1975,42030401814.3698
nld,1976,46872659200.45159
nld,1977,51580231333.05439
nld,1978,59470971580.974
nld,1979,74366078975.86179
nld,1980,86364856866.23358
nld,1981,80564720970.44
nld,1982,77768606805.84079
nld,1983,74323137050.82251
nld,1984,75172758071.3387
nld,1985,78150510727.5954
nld,1986,91783512351.34081
nld,1987,108519589260.70901
nld,1988,121668003973.30899
nld,1989,128032098294.41997
nld,1990,153467606548.01996
nld,1991,157271861092.42303
nld,1992,168842942259.64603
nld,1993,160440177021.10999
nld,1994,177926115875.86801
nld,1995,235119214986.76303
nld,1996,235645307320.07895
nld,1997,230653583932.43896
nld,1998,240075330348.92297
nld,1999,241979354246.29895
nld,2000,247138840806.04803
nld,2001,247642297035.41888
nld,2002,260084504958.43893
nld,2003,322026329478.68494
nld,2004,410005277220.68408
nld,2005,446368727789.75012
nld,2006,499021409322.46094
nld,2007,592860639045.224
nld,2008,673345017302.56897
nld,2009,550300854727.50208
nld,2010,602513134749.4021
nld,2011,691665788776.29004
nld,2012,679488419624.026
nld,2013,711062961858.02087
nld,2014,727020698961.21094
nld,2015,632599876665.58789
nld,2016,623161502619.03674
nld,2017,690605592340.76587
nld,2018,757281121358.65088
nld_curacao,2011,2102413407.82123
nld_curacao,2012,2343422346.36871
nld_curacao,2013,2163418994.41341
nld_curacao,2014,2275212290.50279
nld_curacao,2015,1964435754.18994
nld_curacao,2016,1784156424.58101
nld_curacao,2017,1761815642.4581
nor,1975,11812449298.8814
nor,1976,12825561564.206
nor,1977,14260584640.1936
nor,1978,16615353751.1172
nor,1979,20800252734.1684
nor,1980,27264172263.0983
nor,1981,27240197741.922
nor,1982,25584607290.7251
nor,1983,25164746528.4341
nor,1984,26206376510.3243
nor,1985,27516163563.2136
nor,1986,26298211234.19521
nor,1987,29729414197.4895
nor,1988,32807266210.587
nor,1989,37936196249.4181
nor,1990,47070137043.9517
nor,1991,47506847070.2523
nor,1992,48151252695.1414
nor,1993,44436743762.88839
nor,1994,47263038957.4588
nor,1995,56057816376.3894
nor,1996,64899749911.038
nor,1997,65083106759.20761
nor,1998,56430185882.497
nor,1999,62487776818.87872
nor,2000,78110617634.61938
nor,2001,77802741977.88277
nor,2002,79042684856.4174
nor,2003,90328939102.02708
nor,2004,108426658651.73199
nor,2005,133218299348.105
nor,2006,153666506420.39999
nor,2007,173684370413.60703
nor,2008,214315768213.74799
nor,2009,152208404539.55298
nor,2010,170571688434.974
nor,2011,205715254961.12399
nor,2012,206349016208.073
nor,2013,203935100410.79901
nor,2014,193205356673.61398
nor,2015,145479051611.10599
nor,2016,130370306288.85002
nor,2017,144283957480.358
nor,2018,165112923280.14001
npl,1976,163448000
npl,1977,153400000
npl,1978,188509177.2491
npl,1979,221808333.33333
npl,1980,257075000
npl,1981,299692951.11778
npl,1982,247818673.09108
npl,1983,272489422.1786
npl,1984,289241603.50204
npl,1985,318649203.63141
npl,1986,319183981.35353
npl,1987,379874409.04153
npl,1988,417580657.02082
npl,1989,364260953.12181
npl,1990,422237988.81188
npl,1991,514371859.91041
npl,1992,650061913.32212
npl,1993,730237604.18005
npl,1994,947919301.0358
npl,1995,1028904762.10136
npl,1996,1146207224.89447
npl,1997,1279466810.01592
npl,1998,1047184778.7084
npl,1999,1267395218.96348
npl,2000,1282076584.06029
npl,2001,1133803368.45439
npl,2002,937241874.52764
npl,2003,1075306896.62889
npl,2004,1233926955.26568
npl,2005,1283227545.51339
npl,2006,1234474676.36712
npl,2007,1436265163.97785
npl,2008,1710236386.50278
npl,2009,1541846718.01965
npl,2010,1571531637.07439
npl,2011,1862435134.7925
npl,2012,1929204563.59805
npl,2013,2187597924.5693
npl,2014,2410811836.4362
npl,2015,2243659157.03772
npl,2016,2116582378.12133
npl,2017,2434427903.01322
nzl,2000,18618732955.75299
nzl,2001,19081818522.3061
nzl,2002,20889090243.0794
nzl,2003,24879781465.7803
nzl,2004,30122279738.30759
nzl,2005,32166650763.46381
nzl,2006,32331354428.3276
nzl,2007,38845762748.24991
nzl,2008,42903077637.5369
nzl,2009,35417855094.72911
nzl,2010,43295270715.1102
nzl,2011,51359415314.13031
nzl,2012,50789260578.1506
nzl,2013,53232277475.7912
nzl,2014,56555021960.2848
nzl,2015,49318761572.33649
nzl,2016,49171924709.141
nzl,2017,54774317667.0201
nzl,2018,57185228647.2581
omn,1974,1212217722.09675
omn,1975,1416328898.13645
omn,1976,1595830925.29193
omn,1977,1619571515.98023
omn,1978,1605964104.24425
omn,1979,2287203249.23915
omn,1980,3756803716.72497
omn,1981,4704400708.46671
omn,1982,4434568628.93621
omn,1983,4270411129.90854
omn,1984,4435469283.50122
omn,1985,4985596201.45051
omn,1986,2874481623.58471
omn,1987,3817945383.61508
omn,1988,3355006501.95059
omn,1989,4126397919.37581
omn,1990,5576592977.89337
omn,1991,4932639791.93758
omn,1992,5568270481.14434
omn,1993,5378413524.05722
omn,1994,5555266579.97399
omn,1995,6078023407.02211
omn,1996,7610199901.03771
omn,1997,7925799896.93368
omn,1998,5908099961.58583
omn,1999,7650299950.25813
omn,2000,11769800000
omn,2001,11680104031.2094
omn,2002,11776332899.87
omn,2003,12325097529.2588
omn,2004,14117035110.5332
omn,2005,19630689206.762
omn,2006,22897269180.7542
omn,2007,26374512353.7061
omn,2008,39544863459.03769
omn,2009,29271781534.46031
omn,2010,38408322496.74901
omn,2011,49413763850.7004
omn,2012,54825344236.01181
omn,2013,59384526412.1869
omn,2014,56696392851.7935
omn,2015,39077744121.1558
omn,2016,31041110709.97959
omn,2017,36895708712.6138
pak,1976,1449756462.32426
pak,1977,1438288315.30012
pak,1978,1805674972.18643
pak,1979,2503912596.32101
pak,1980,3232901092.57224
pak,1981,3389497117.86622
pak,1982,3154729520.61265
pak,1983,3662621180.44509
pak,1984,3286530740.03267
pak,1985,3509101707.26676
pak,1986,4035982897.93706
pak,1987,4928011006.59509
pak,1988,5282184414.62331
pak,1989,6005657389.31981
pak,1990,6834726234.04086
pak,1991,7941736412.83459
pak,1992,8472573666.60565
pak,1993,8366368531.4848
pak,1994,8869455611.7276
pak,1995,10213602183.1597
pak,1996,10523484820.7401
pak,1997,9975895498.67247
pak,1998,9155000000
pak,1999,8945000000
pak,2000,9997000000
pak,2001,10471000000
pak,2002,12158000000
pak,2003,14775000000
pak,2004,16027010000
pak,2005,19105000000
pak,2006,20540000000
pak,2007,21946000000
pak,2008,25472500000
pak,2009,22313000000
pak,2010,28056000000
pak,2011,31433000000
pak,2012,31374000000
pak,2013,30043000000
pak,2014,30600000000
pak,2015,28604000000
pak,2016,26811000000
pak,2017,28958070000
pak,2018,30089480000
pan,1977,802200000
pan,1978,828200000
pan,1979,1012700000
pan,1980,3421700000
pan,1981,3706900000
pan,1982,3573500000
pan,1983,2971500000
pan,1984,2955700000
pan,1985,3313000000
pan,1986,3649800000
pan,1987,3800700000
pan,1988,3568100000
pan,1989,3723300000
pan,1990,4438300000
pan,1991,5408200000
pan,1992,6329600000
pan,1993,6714300000
pan,1994,7448500000
pan,1995,7610300000
pan,1996,7414900000
pan,1997,8380500000
pan,1998,8187500000
pan,1999,7108400000
pan,2000,7808600000
pan,2001,7969000000
pan,2002,7570000000
pan,2003,7591400000
pan,2004,8831000000
pan,2005,10564000000
pan,2006,12443600000
pan,2007,14703300000
pan,2008,19051200000
pan,2009,18657600000
pan,2010,20558000000
pan,2011,27184700000
pan,2012,31091900000
pan,2013,30403500000
pan,2014,28278400000
pan,2015,26074100000
pan,2016,25259800000
pan,2017,27249300000
pan,2018,28541800000
per,1977,2131300000
per,1978,2399700000
per,1979,4084600000
per,1980,4630600000
per,1981,4019000000
per,1982,4077000000
per,1983,3726000000
per,1984,3817000000
per,1985,3744000000
per,1986,3256980000
per,1987,3507720000
per,1988,3562720000
per,1989,4368540000
per,1990,4092000000
per,1991,4203000000
per,1992,4406000000
per,1993,4038530913.45465
per,1994,5303394275.93836
per,1995,6323057689.84579
per,1996,7119553383.54607
per,1997,8124206408.39209
per,1998,7211418824.17211
per,1999,7456362306.82204
per,2000,8204960879.38095
per,2001,8156586468.86189
per,2002,8903987321.30039
per,2003,10618768960.8402
per,2004,14588786336.678
per,2005,19381388880.9876
per,2006,26125371196.7744
per,2007,30923986188.6054
per,2008,34306679764.46189
per,2009,30400601779.5265
per,2010,38837896833.52189
per,2011,49941253856.3612
per,2012,51591976549.0632
per,2013,48024716642.35721
per,2014,45146528807.3307
per,2015,40286023052.2327
per,2016,43116418598.2979
per,2017,51925477301.36819
phl,1977,3884000000
phl,1978,4438000000
phl,1979,5677000000
phl,1980,7235000000
phl,1981,7513000000
phl,1982,6825000000
phl,1983,6813000000
phl,1984,7033000000
phl,1985,6864000000
phl,1986,7702000000
phl,1987,8065000000
phl,1988,9487000000
phl,1989,11046000000
phl,1990,11430000000
phl,1991,12494000000
phl,1992,14566000000
phl,1993,16048000000
phl,1994,20251000000
phl,1995,26795000000
phl,1996,33490000000
phl,1997,40365000000
phl,1998,36973000000
phl,1999,23579000000
phl,2000,27461000000
phl,2001,24421000000
phl,2002,27044000000
phl,2003,29208000000
phl,2004,32562000000
phl,2005,33772649302.8357
phl,2006,41798669343.7337
phl,2007,46304287825.82431
phl,2008,47733539814.3022
phl,2009,43226996265.62
phl,2010,54553954496.60179
phl,2011,57154673137.0323
phl,2012,66823490332.26482
phl,2013,67847557123.5658
phl,2014,75321793858.96561
phl,2015,72262154549.09509
phl,2016,73938028404.79448
phl,2017,86645909125.5701
phl,2018,89142422449.49821
plw,2005,82706511.58356
plw,2006,80161125.73295
plw,2007,87692408.22441
plw,2008,99572358.37007
plw,2009,92533237.02187
plw,2010,95664135.1552
plw,2011,114735558.80479
plw,2012,131632016.76452
plw,2013,139228205.3389
plw,2014,158330962.6038
plw,2015,179042919.20748
plw,2016,175557284.12083
plw,2017,142588321.75991
png,1976,619308765.33132
png,1977,721171692.45583
png,1978,749101363.26581
png,1979,1052121640.69849
png,1980,1028805150.42314
png,1981,924819471.90376
png,1982,864195038.04845
png,1983,895970542.56797
png,1984,979679029.2694
png,1985,990287265.73685
png,1986,1103151262.52867
png,1987,1341168270.62017
png,1988,1597594620.05394
png,1989,1486410563.67091
png,1990,1380877666.02231
png,1991,1748866151.33485
png,1992,2276927102.62484
png,1993,2911059047.70856
png,1994,2886443425.18933
png,1995,2991757354.27947
png,1996,2961972543.62805
png,1997,2556982066.48615
png,1998,2091324653.14924
png,1999,2174914310.22148
png,2000,2336776217.4916
png,2001,2098045930.18603
png,2002,1803055682.2337
png,2003,2436176457.08308
png,2004,2829227785.13105
png,2005,3622527997.96841
png,2006,4526791155.49683
png,2007,5100416899.09694
png,2008,6174242447.62364
png,2009,4577293619.32774
png,2010,6055100695.55426
png,2011,7339654390.96887
png,2012,6811130138.51348
png,2013,6368962490.69953
png,2014,8967512193.33831
png,2015,8570654532.95421
png,2016,8327092882.45232
png,2017,10251203082.4419
pol,1976,10686000000
pol,1977,11891000000
pol,1978,13553000000
pol,1979,15150000000
pol,1980,16061000000
pol,1981,12455000000
pol,1982,13389000000
pol,1983,13605000000
pol,1984,13671000000
pol,1985,13049000000
pol,1986,13941000000
pol,1987,14242000000
pol,1988,16318000000
pol,1989,16070000000
pol,1990,19037000000
pol,1991,18080000000
pol,1992,18702000000
pol,1993,17783000000
pol,1994,23723000000
pol,1995,35716000000
pol,1996,37304000000
pol,1997,39646000000
pol,1998,43307000000
pol,1999,38423000000
pol,2000,46301000000
pol,2001,51416000000
pol,2002,56779000000
pol,2003,72180999999.99998
pol,2004,87966000000
pol,2005,105900000000
pol,2006,130742000000.00002
pol,2007,166510000000.00003
pol,2008,204745000000
pol,2009,164715000000
pol,2010,191942000000
pol,2011,225351000000
pol,2012,222283000000
pol,2013,242733000000
pol,2014,259350000000
pol,2015,236121000000
pol,2016,246053000000
pol,2017,286784000000
pol,2018,323718000000
prt,1975,2882637468.69558
prt,1976,2580898523.61036
prt,1977,3404282984.61538
prt,1978,3857550083.52046
prt,1979,5200073231.12728
prt,1980,6673709957.36109
prt,1981,6130820207.27454
prt,1982,5729993541.60358
prt,1983,6124295533.83222
prt,1984,6902578663.67857
prt,1985,7679808729.93993
prt,1986,9689345241.0786
prt,1987,12499061249.8258
prt,1988,14433160217.7898
prt,1989,16631359052.013
prt,1990,21553661628.664
prt,1991,21621905018.8339
prt,1992,23845526045.29629
prt,1993,22757706722.1442
prt,1994,25374486174.79449
prt,1995,32228506620.1336
prt,1996,32849509789.9859
prt,1997,31866442214.2797
prt,1998,33984489954.2002
prt,1999,33801049413.1633
prt,2000,33551885818.9458
prt,2001,33559098965.6782
prt,2002,36479874413.83769
prt,2003,44410040717.2226
prt,2004,51952961806.53609
prt,2005,53123746210.7839
prt,2006,62668529757.0526
prt,2007,75305224988.97659
prt,2008,82933125617.13152
prt,2009,66436459965.375
prt,2010,71695806933.44009
prt,2011,85733736365.38499
prt,2012,82685286844.08189
prt,2013,91127900301.4902
prt,2014,93885637740.58221
prt,2015,82139621095.7888
prt,2016,83905649290.6692
prt,2017,95380918805.43712
prt,2018,105286989695.239
pry,1975,222100000
pry,1976,242000000
pry,1977,390000000
pry,1978,434300000
pry,1979,513600000
pry,1980,564300000
pry,1981,554700000
pry,1982,516600000
pry,1983,464000000
pry,1984,572100000
pry,1985,618300000
pry,1986,759600000
pry,1987,769500000
pry,1988,1166900000
pry,1989,1574900000
pry,1990,2514400000
pry,1991,2430400000
pry,1992,2361700000
pry,1993,3297600000
pry,1994,3786300000
pry,1995,5611784199.43358
pry,1996,5177172021.10821
pry,1997,4845856547.49801
pry,1998,5094336121.87912
pry,1999,3815722161.21112
pry,2000,3849941489.20888
pry,2001,3464360232.38667
pry,2002,3431839891.38509
pry,2003,3648344307.09974
pry,2004,4396642288.51981
pry,2005,5109060804.08548
pry,2006,6299058247.50084
pry,2007,7801578704.69001
pry,2008,10138083186.3931
pry,2009,8307738047.48667
pry,2010,11089285874.2953
pry,2011,13300043797.2781
pry,2012,12341874621.9145
pry,2013,14372652307.333
pry,2014,13859116571.3562
pry,2015,11798279739.0072
pry,2016,12695670925.2396
pry,2017,14097960313.2431
pry,2018,14440357375.5432
pse,1995,763600000
pse,1996,823000000
pse,1997,893200000
pse,1998,994878523.47911
pse,1999,1039422091.96064
pse,2000,884968255.18662
pse,2001,615900000
pse,2002,477800000
pse,2003,515095610.48492
pse,2004,596800000
pse,2005,723296000
pse,2006,736285000
pse,2007,1066286000
pse,2008,1165000000
pse,2009,1133300000
pse,2010,1367300000
pse,2011,1799409195.17103
pse,2012,1871092711.37725
pse,2013,2071809443.79668
pse,2014,2172235956.21079
pse,2015,2338093670
pse,2016,2380663050
pse,2017,2692582440.12868
pse,2018,2903484702.63844
pyf,2002,924815534.80206
pyf,2003,1097832635.50811
pyf,2004,1200180119.7847
pyf,2005,1277881075.11566
pyf,2006,1226356124.24386
pyf,2007,1379502008.94587
pyf,2008,1526152139.30863
pyf,2009,1287883988.94729
pyf,2010,1123595126.11685
pyf,2011,1276574342.539
pyf,2012,1134519616.25415
pyf,2013,1167674715.56918
pyf,2014,1259379434.65386
pyf,2015,1120551433.57245
pyf,2016,1201644319.94176
qat,2011,121837912087.912
qat,2012,142876098901.09903
qat,2013,144510439560.44003
qat,2014,140228846153.84598
qat,2015,92291208791.20877
qat,2016,72484340659.3407
qat,2017,85204395604.39561
qat,2018,102560989010.989
rou,1971,2382000000
rou,1972,2864000000
rou,1973,4005000000
rou,1974,5277000000
rou,1975,5812000000
rou,1976,6642000000
rou,1977,7357000000
rou,1978,8728000000
rou,1979,10133000000
rou,1980,12087000000
rou,1981,13462000000
rou,1982,12384000000
rou,1983,12239000000
rou,1984,13486000000
rou,1985,10920000000
rou,1986,10444000000
rou,1987,11261000000
rou,1988,12242000000
rou,1989,11321000000
rou,1990,6380000000
rou,1991,4946000000
rou,1992,5023000000
rou,1993,5691000000
rou,1994,7195000000
rou,1995,9403000000
rou,1996,9640000000
rou,1997,9946000000
rou,1998,9521000000
rou,1999,9687000000
rou,2000,11905000000
rou,2001,13074000000
rou,2002,15703000000
rou,2003,19923000000
rou,2004,26220000000
rou,2005,24119963899.19749
rou,2006,30270958591.6087
rou,2007,43162426173.61229
rou,2008,56289848643.75021
rou,2009,45509461605.5338
rou,2010,53727832194.33
rou,2011,67878965578.90081
rou,2012,63959890289.2402
rou,2013,76167793539.7206
rou,2014,82196228525.45999
rou,2015,72967793599.52719
rou,2016,77640574865.05299
rou,2017,87999400126.12091
rou,2018,99779774778.81848
rus,1994,74551489999.99998
rus,1995,91743150000.00002
rus,1996,101781970000
rus,1997,100024930000
rus,1998,86247230000.00002
rus,1999,80751910000
rus,2000,110520310000.00002
rus,2001,109273010000
rus,2002,117185250000
rus,2003,147485449999.99997
rus,2004,200829850000
rus,2005,268869480000
rus,2006,333199930000.00006
rus,2007,390390560000
rus,2008,523433949999.99994
rus,2009,342951139999.99994
rus,2010,441833180000
rus,2011,573448160000
rus,2012,589773980000.00012
rus,2013,591958000000.00012
rus,2014,562550590000
rus,2015,393034910000.00006
rus,2016,332352610000
rus,2017,411178710000.00006
rus,2018,507828950000.00012
rwa,2010,684234990.54778
rwa,2011,978334566.92698
rwa,2012,1106488456.94674
rwa,2013,1278249577.70458
rwa,2014,1315320501.91924
rwa,2015,1500026466.52659
rwa,2016,1561045432.63419
rwa,2017,2048448868.51127
sau,1971,2859480229.60454
sau,1972,4275284708.1234
sau,1973,8058622004.44278
sau,1974,31515492966.62409
sau,1975,28729713698.9164
sau,1976,37388101993.59439
sau,1977,42458791552.059
sau,1978,39160931053.11929
sau,1979,62850421193.5868
sau,1980,106765128072.79298
sau,1981,119443903835.54099
sau,1982,78767953290.6019
sau,1983,50015063774.34809
sau,1984,41656606145.0666
sau,1985,31039697343.9032
sau,1986,22772344013.49069
sau,1987,25680000000
sau,1988,26634666666.66669
sau,1989,30853333333.3333
sau,1990,47381333333.3333
sau,1991,50629333333.3333
sau,1992,53681866666.6667
sau,1993,45617333333.3333
sau,1994,45899466666.6667
sau,1995,53449600000
sau,1996,63416266666.6667
sau,1997,64902400000
sau,1998,43493333333.3333
sau,1999,56061466666.6667
sau,2000,82259466666.6667
sau,2001,72980546133.3333
sau,2002,77641200000
sau,2003,98956906666.6667
sau,2004,131849333333.33299
sau,2005,191972800000
sau,2006,225206261742.82693
sau,2007,249567932447.51999
sau,2008,322853648266.66699
sau,2009,202056547066.66696
sau,2010,261831173341.59998
sau,2011,376224211200
sau,2012,399419454799.99994
sau,2013,387745717199.99994
sau,2014,354973163493.33289
sau,2015,218010394722.26694
sau,2016,200860075477.28497
sau,2017,239993341453.86703
sau,2018,312608333227.46698
sdn,1977,779138279.69215
sdn,1978,725412173.73375
sdn,1979,716920001.67025
sdn,1980,981800001.9636
sdn,1981,1218270128.69689
sdn,1982,872601015.22528
sdn,1983,783461538.46154
sdn,1984,777461538.46154
sdn,1985,818414542.31961
sdn,1986,547280000
sdn,1987,449724444.44444
sdn,1988,588711111.11111
sdn,1989,817011111.11111
sdn,1990,499000000
sdn,1991,379500000
sdn,1992,368900000
sdn,1993,375700000
sdn,1994,600100000
sdn,1995,681000000
sdn,1996,671000000
sdn,1997,625700000
sdn,1998,611500000
sdn,1999,861700000
sdn,2000,1834100000
sdn,2001,1713300000
sdn,2002,2081280000
sdn,2003,2578650000
sdn,2004,3821880000
sdn,2005,4971303328.70825
sdn,2006,5930483790.11213
sdn,2007,9389652901.50133
sdn,2008,12087993690.433
sdn,2009,8581142972.82795
sdn,2010,11646421263.4664
sdn,2011,11026176541.4481
sdn,2012,5125300929.7532
sdn,2013,6047707928.55507
sdn,2014,6021777924.59669
sdn,2015,4896332965.50146
sdn,2016,4638209737.91508
sdn,2017,5880500847.62069
sdn,2018,4995707338.38466
sen,1974,599905275.69358
sen,1975,688152695.26561
sen,1976,696001908.30376
sen,1977,855259964.454
sen,1978,675143113.24353
sen,1979,816183988.24452
sen,1980,806893026.94422
sen,1981,983029375.11633
sen,1982,884249759.74565
sen,1983,948129630.67811
sen,1984,900913135.8371
sen,1985,824372429.37772
sen,1986,1029003538.03506
sen,1987,1071054374.97483
sen,1988,1111270704.62933
sen,1989,1201880956.12396
sen,1990,1452666732.89479
sen,1991,1297167806.1525
sen,1992,1342013613.54116
sen,1993,1150717021.20859
sen,1994,1231113507.05124
sen,1995,1505804608.40441
sen,1996,1362497681.08559
sen,1997,1271781654.40992
sen,1998,1392648069.58595
sen,1999,1442277492.17905
sen,2000,1306255606.26087
sen,2001,1400094251.668
sen,2002,1520786140.29251
sen,2003,1820465479.74078
sen,2004,2178724392.08353
sen,2005,2354758324.0051
sen,2006,2400791250.25774
sen,2007,2873869105.97864
sen,2008,3493974178.6654
sen,2009,3114618168.28438
sen,2010,3212491051.87374
sen,2011,3787769150.23964
sen,2012,3967340749.52074
sen,2013,4208354287.93174
sen,2014,4299486509.62565
sen,2015,4015336676.89235
sen,2016,4090392040.06558
sen,2017,4581933311.88955
sgp,1972,3130311112.22411
sgp,1973,4976058383.9666
sgp,1974,7836702872.48541
sgp,1975,7896934174.18247
sgp,1976,9017574985.62089
sgp,1977,10839140775.6536
sgp,1978,13250074212.483
sgp,1979,17843163561.1228
sgp,1980,24285352905.0407
sgp,1981,28273884429.6648
sgp,1982,29143584782.5545
sgp,1983,29728591386.7294
sgp,1984,30244012974.9961
sgp,1985,27874463109.0114
sgp,1986,27544567341.08041
sgp,1987,34890636994.5948
sgp,1988,48265997490.5897
sgp,1989,55358255957.5442
sgp,1990,67489351919.9648
sgp,1991,75156145987.09158
sgp,1992,82765352268.30899
sgp,1993,96455182678.86389
sgp,1994,120962981189.16501
sgp,1995,159278525443.16098
sgp,1996,169735439103.71399
sgp,1997,170184474176.478
sgp,1998,143641527603.64096
sgp,1999,152885737491.81403
sgp,2000,181303682019.53305
sgp,2001,164712615932.43399
sgp,2002,170985030059.953
sgp,2003,199024576441.439
sgp,2004,247124303718.33401
sgp,2005,288253857627.159
sgp,2006,340083620038.60101
sgp,2007,386533976363.01788
sgp,2008,444427950216.54211
sgp,2009,369743801854.401
sgp,2010,472243611761.32812
sgp,2011,562650399671.65796
sgp,2012,574607564641.00488
sgp,2013,593325421561.57593
sgp,2014,596753087881.29883
sgp,2015,541185387231.10205
sgp,2016,521467986136.74805
sgp,2017,572543114216.9198
sgp,2018,634842488307.8678
slb,1975,17935067.20195
slb,1976,27374381.32676
slb,1977,36149254.28302
slb,1978,40290349.96518
slb,1979,74252481.74535
slb,1980,84957442.76906
slb,1981,79180268.11413
slb,1982,71979903.83806
slb,1983,77140184.4236
slb,1984,102613210.79044
slb,1985,80363775.53073
slb,1986,80505311.52077
slb,1987,84221385.63614
slb,1988,103912733.79165
slb,1989,101210440.82431
slb,1990,95460926.53252
slb,1991,115038217.14707
slb,1992,137768518.83474
slb,1993,171501171.1561
slb,1994,192109134.27334
slb,1995,210105992.54235
slb,1996,214644723.95978
slb,1997,226799362.37902
slb,1998,196899725.7033
slb,1999,220869927.6754
slb,2000,121518649.0548
slb,2001,91650318.12177
slb,2002,49434014.35303
slb,2003,91885452.92906
slb,2004,116441766.21175
slb,2005,146181050.99109
slb,2006,162573092.71498
slb,2007,218654297.66055
slb,2008,259398115.47526
slb,2009,224089132.67932
slb,2010,315659452.74093
slb,2011,537144326.23368
slb,2012,618804286.00707
slb,2013,573510019.50987
slb,2014,567771569.85265
slb,2015,525935948.70453
slb,2016,554859849.11223
slb,2017,607641361.96898
sle,1977,161012243.22292
sle,1978,211261552.53942
sle,1979,242863451.2258
sle,1980,275481660.90531
sle,1981,203088871.10292
sle,1982,147822174.8889
sle,1983,141831921.63165
sle,1984,173708639.64317
sle,1985,159830001.49681
sle,1986,152527943.26085
sle,1987,182847776.42081
sle,1988,156458355.22556
sle,1989,177823265.40979
sle,1990,209659119.04696
sle,1991,217136504.58646
sle,1992,197418184.49996
sle,1993,176774134.61746
sle,1994,216175585.52547
sle,1995,128306896.81427
sle,1996,109632602.30306
sle,1997,47603395.88327
sle,1998,50693775.58969
sle,1999,28631494.93264
sle,2000,55045037.93989
sle,2001,81119282.02955
sle,2002,98175532.97227
sle,2003,176853711.03845
sle,2004,207618015.49256
sle,2005,261782195.37477
sle,2006,302518301.00236
sle,2007,330517631.97504
sle,2008,330459214.82218
sle,2009,368309506.31671
sle,2010,416867298.15914
sle,2011,538263483.7
sle,2012,1231345705.73811
sle,2013,1757362041.31289
sle,2014,1503257499.10526
sle,2015,781558030.52527
sle,2016,933734883.4271
sle,2017,807837922.57665
slv,1976,860760000
slv,1977,1086480000
slv,1978,922600000
slv,1979,1265320000
slv,1980,1214160000
slv,1981,922720000
slv,1982,816960000
slv,1983,893800000
slv,1984,891320000
slv,1985,902880000
slv,1986,1018991581.0517
slv,1987,907740000
slv,1988,938640000
slv,1989,908520000
slv,1990,973112679.48406
slv,1991,897692307.69231
slv,1992,975261636.59922
slv,1993,1147370346.28905
slv,1994,1316683373.90806
slv,1995,1566950644.90029
slv,1996,1650828098.22959
slv,1997,2148979300.49964
slv,1998,2201142204.45461
slv,1999,2220000000
slv,2000,2508900000
slv,2001,2434600000
slv,2002,2520500000
slv,2003,2721791937.15393
slv,2004,2832350173.14003
slv,2005,3342130000
slv,2006,3770670000
slv,2007,4349260000
slv,2008,4809750000
slv,2009,4215791532.91539
slv,2010,4971117953.24486
slv,2011,5878555805.88227
slv,2012,6110251638.58143
slv,2013,6536788799.30548
slv,2014,6620205985.33667
slv,2015,6914058467.91829
slv,2016,6871196858.10316
slv,2017,7224712453.27385
slv,2018,7532556568.96126
south_asia,1975,8243958816.65945
south_asia,1976,9532696685.54599
south_asia,1977,10959908588.8698
south_asia,1978,12172826807.1349
south_asia,1979,14909811727.6903
south_asia,1980,17833393186.6698
south_asia,1981,18029787857.0128
south_asia,1982,18650038783.7197
south_asia,1983,20110456778.7552
south_asia,1984,20741958442.0307
south_asia,1985,20195809583.1404
south_asia,1986,21022592641.884
south_asia,1987,24240885281.6588
south_asia,1988,26985065607.0692
south_asia,1989,30495159797.6566
south_asia,1990,34934754533.3971
south_asia,1991,36572179527.93729
south_asia,1992,40064360353.1061
south_asia,1993,43212741399.2168
south_asia,1994,49464357896.83031
south_asia,1995,59012399390.237
south_asia,1996,62905136312.38901
south_asia,1997,67960392405.7148
south_asia,1998,68438420863.6485
south_asia,1999,74320795982.45221
south_asia,2000,85827956533.07858
south_asia,2001,87789036756.347
south_asia,2002,97708399633.5361
south_asia,2003,116471541340.72801
south_asia,2004,151371486584.41193
south_asia,2005,195823505234.19098
south_asia,2006,238841952832.18594
south_asia,2007,290890586428.255
south_asia,2008,364387998961.42896
south_asia,2009,315125099704.91803
south_asia,2010,415567493683.76099
south_asia,2011,526538517476.64691
south_asia,2012,523843320913.87402
south_asia,2013,552180611197.65002
south_asia,2014,574330985405.55396
south_asia,2015,516656305050.29211
south_asia,2016,519384637509.15295
south_asia,2017,584228690739.026
srb,2007,11147154012.3439
srb,2008,14120731012.4738
srb,2009,11236296714.6554
srb,2010,12596875848.9832
srb,2011,15506880732.3593
srb,2012,14729766246.4638
srb,2013,18523988129.0632
srb,2014,19174882429.6069
srb,2015,17436447774.9461
srb,2016,19231561254.8697
srb,2017,21844023698.5698
srb,2018,25054015784.3436
ssd,2014,3786902659.05178
ssd,2015,2519330000
ssd,2016,1646810000
ssd,2017,2374922000
stp,1974,17853612.09328
stp,1975,7675256.7704
stp,1976,8741594.82176
stp,1977,23488618.35896
stp,1978,24117288.66454
stp,1979,29282289.64614
stp,1980,19961808.40942
stp,1981,9513153.51699
stp,1982,10780855.40446
stp,1983,10204274.83387
stp,1984,14196533.48538
stp,1985,9205372.17747
stp,1986,13553080.78133
stp,1987,8177274.72178
stp,1988,11055862.25534
stp,1989,9397440.08791
stp,1990,7880000
stp,1997,12400310
stp,1998,11303244.3
stp,1999,16375327.5
stp,2000,16267369.1
stp,2001,11063786.69228
stp,2002,14771457.52
stp,2003,15786702.53232
stp,2004,15069281.33788
stp,2005,15944198.94665
stp,2006,16114815.55933
stp,2007,13510604.16224
stp,2008,17509376.00651
stp,2009,19612830.8906
stp,2010,24314396.61001
stp,2011,29342883.79422
stp,2012,32936904.27499
stp,2013,49073366.20693
stp,2014,87098062.2279
stp,2015,89983828.04703
stp,2016,96563792.76541
stp,2017,92153927.42712
stp,2018,96836731.11023
sub_saharan_africa,1977,45105708839.5313
sub_saharan_africa,1978,46999572224.30441
sub_saharan_africa,1979,64757754104.6196
sub_saharan_africa,1980,90627401376.41821
sub_saharan_africa,1981,73597622504.909
sub_saharan_africa,1982,59912675428.2116
sub_saharan_africa,1983,57968725052.9529
sub_saharan_africa,1984,58847243225.1644
sub_saharan_africa,1985,58401999470.46101
sub_saharan_africa,1986,50949284696.1974
sub_saharan_africa,1987,63446518529.73829
sub_saharan_africa,1988,65358772398.29569
sub_saharan_africa,1989,68236201541.1422
sub_saharan_africa,1990,80714454733.4216
sub_saharan_africa,1991,76773712465.2142
sub_saharan_africa,1992,78684554400.1346
sub_saharan_africa,1993,78719625590.17249
sub_saharan_africa,1994,80718757437.2496
sub_saharan_africa,1995,83101359169.2944
sub_saharan_africa,1996,90886380378.84122
sub_saharan_africa,1997,91818503467.16359
sub_saharan_africa,1998,83682828270.1718
sub_saharan_africa,1999,98699742834.02899
sub_saharan_africa,2000,116220320332.05
sub_saharan_africa,2001,112019118850.41101
sub_saharan_africa,2002,115938011572.83197
sub_saharan_africa,2003,147731071457.88098
sub_saharan_africa,2004,188375651943.66403
sub_saharan_africa,2005,244856834471.46106
sub_saharan_africa,2006,283421935465.14197
sub_saharan_africa,2007,339896357914.11493
sub_saharan_africa,2008,416007559368.31696
sub_saharan_africa,2009,318932405598.04901
sub_saharan_africa,2010,413124630628.94299
sub_saharan_africa,2011,501910158644.95197
sub_saharan_africa,2012,493662308245.06616
sub_saharan_africa,2013,494370199485.69788
sub_saharan_africa,2014,466877968329.27808
sub_saharan_africa,2015,359571541960.53607
sub_saharan_africa,2016,332890191807.98401
sub_saharan_africa,2017,390072364523.95294
sur,2005,1415600000
sur,2006,1411100000
sur,2007,1612400000
sur,2008,2027700000
sur,2009,1688500000
sur,2010,2325500000
sur,2011,2847654989.6365
sur,2012,2871828916.18094
sur,2013,2588885192.72455
sur,2014,2351540508.56621
sur,2015,1843140760.32132
sur,2016,1606330375.51584
sur,2017,2167006806.39624
sur,2018,2274941897.75204
svk,1993,7391078418.36737
svk,1994,8967441921.41121
svk,1995,10969283078.5409
svk,1996,10889390376.561
svk,1997,11808106110.0935
svk,1998,13012191176.0099
svk,1999,12100584035.1643
svk,2000,14136991511.1228
svk,2001,15431502673.4253
svk,2002,13064820193.1741
svk,2003,18794047002.6188
svk,2004,39474750578.04041
svk,2005,45077943861.67741
svk,2006,57335535920.2951
svk,2007,72058912181.32379
svk,2008,80843517078.14798
svk,2009,60190733173.5874
svk,2010,68044201867.1428
svk,2011,83288934453.0883
svk,2012,85083248922.72519
svk,2013,92168507977.68661
svk,2014,92255150709.1927
svk,2015,79806507593.55301
svk,2016,83535610739.55769
svk,2017,91162034635.2372
svn,1992,7032700000
svn,1993,6612600000
svn,1994,7997900000
svn,1995,9658600000
svn,1996,9831300000
svn,1997,9826200000
svn,1998,10508300000
svn,1999,9973300000
svn,2000,10650000000
svn,2001,11248000000
svn,2002,12738700000
svn,2003,15641400000
svn,2004,19466400000
svn,2005,22050600000
svn,2006,26122055742.1252
svn,2007,33029499518.0566
svn,2008,36999062088.535
svn,2009,28847856681.6885
svn,2010,30842960864.2796
svn,2011,36110146661.07769
svn,2012,33875074786.4645
svn,2013,35871732984.4705
svn,2014,37852960663.1748
svn,2015,33239610168.3929
svn,2016,34826745593.0533
svn,2017,40406377915.7824
svn,2018,46226995280.06339
swe,1970,8103285960.97651
swe,1971,9016943889.57311
swe,1972,10614358958.641
swe,1973,14578968461.7503
swe,1974,18838025198.9476
swe,1975,20690398179.278
swe,1976,21911281064.0395
swe,1977,22838616438.4542
swe,1978,26252068564.5555
swe,1979,33996232789.3991
swe,1980,38150661837.9649
swe,1981,35424096816.9644
swe,1982,33096606109.77551
swe,1983,33495406393.09709
swe,1984,35415908360.0682
swe,1985,36293653867.7031
swe,1986,43509416341.7727
swe,1987,52931534423.8196
swe,1988,59786901844.66229
swe,1989,62425563400.58521
swe,1990,70530174752.44031
swe,1991,69267275585.8822
swe,1992,71383204860.96581
swe,1993,61784992551.0904
swe,1994,73657589652.87798
swe,1995,95254847885.54163
swe,1996,101343951800.48097
swe,1997,100684299120.34599
swe,1998,104804062889.366
swe,1999,106252860497.45299
swe,2000,112227737549.02199
swe,2001,105202592121.342
swe,2002,106823918098.48099
swe,2003,131438340214.92099
swe,2004,161225069379.25699
swe,2005,173974747164.46695
swe,2006,199241616328.56601
swe,2007,234879724079.28799
swe,2008,257015521094.78101
swe,2009,188341802715.90897
swe,2010,220276557566.513
swe,2011,261941660303.88297
swe,2012,249176852687.11499
swe,2013,252875140769.617
swe,2014,256544664473.918
swe,2015,224962043385.66693
swe,2016,224733204188.39297
swe,2017,239734102546.99808
swe,2018,252362194522.94696
sxm,2011,1026631284.9162
sxm,2012,1170134078.21229
sxm,2013,1227022346.36872
sxm,2014,1247502793.29609
sxm,2015,1215687150.83799
sxm,2016,1164083798.88268
sxm,2017,927837988.82682
syc,1976,36932781.89222
syc,1977,53065505.46591
syc,1978,70435432.99794
syc,1979,89847158.48856
syc,1980,96868879.58927
syc,1981,93335279.51511
syc,1982,81603739.54377
syc,1983,81792119.20006
syc,1984,100041052.75501
syc,1985,116625404.74959
syc,1986,127685033.00406
syc,1987,152937662.29603
syc,1988,181687006.39571
syc,1989,178586648.32817
syc,1990,228926341.34952
syc,1991,216821444.36848
syc,1992,242141367.85196
syc,1993,312050486.98583
syc,1994,303331284.00552
syc,1995,332194100.13702
syc,1996,333717215.68483
syc,1997,369418181.87847
syc,1998,370316233.8886
syc,1999,422956622.10853
syc,2000,481709731.53653
syc,2001,510600707.27477
syc,2002,549992962.18893
syc,2003,616821042.32154
syc,2004,627701307.29066
syc,2005,719670173.92253
syc,2006,850363972.50724
syc,2007,853730765.91481
syc,2008,902069825.49939
syc,2009,849794485.21341
syc,2010,840748158.6807
syc,2011,942455665.89809
syc,2012,1232788166.62486
syc,2013,1455916464.96076
syc,2014,1373240825.68427
syc,2015,1297074704.91759
syc,2016,1352922708.45049
syc,2017,1562920466.98712
syr,1977,1399300000
syr,1978,1320400000
syr,1979,2024000000
syr,1980,2476800000
syr,1981,2642800000
syr,1982,2485100000
syr,1983,2477300000
syr,1984,2346200000
syr,1985,2511500000
syr,1986,1603100000
syr,1987,1957300000
syr,1988,2014600000
syr,1989,3905900000
syr,1990,5029600000
syr,1991,4502500000
syr,1992,4380600000
syr,1993,4848000000
syr,1994,5192000000
syr,1995,5757000000
syr,1996,5970000000
syr,1997,5639000000
syr,1998,4808000000
syr,1999,5457000000
syr,2000,6845000000
syr,2001,7487000000
syr,2002,8227000000
syr,2003,7045000000
syr,2004,9833500000
syr,2005,11512000000
syr,2006,13168800000
syr,2007,15617016197.1401
syr,2008,19749315151.3201
syr,2009,15681906879.9603
syr,2010,19605790972.8673
tcd,1977,130735269.36178
tcd,1978,119540436.36196
tcd,1979,92867841.76806
tcd,1980,71369896.4881
tcd,1981,87523912.95445
tcd,1982,60081023.52844
tcd,1983,102457307.41922
tcd,1984,146522538.76146
tcd,1985,94441348.43414
tcd,1986,143093142.48292
tcd,1987,179825042.14514
tcd,1988,224631190.56144
tcd,1989,197662568.97147
tcd,1990,271169843.71981
tcd,1991,224478727.82483
tcd,1992,209024230.60749
tcd,1993,198892806.03194
tcd,1994,190093853.35864
tgo,1974,229546857.32616
tgo,1975,168883907.32603
tgo,1976,182631972.09053
tgo,1977,226949980.19256
tgo,1978,297958138.24773
tgo,1979,335790935.83865
tgo,1980,549646177.41674
tgo,1981,474781254.76147
tgo,1982,433111052.60791
tgo,1983,344134579.31875
tgo,1984,367734406.13435
tgo,1985,368966537.9926
tgo,1986,466033060.20339
tgo,1987,516316546.51293
tgo,1988,540493411.83949
tgo,1989,539741443.33047
tgo,1990,662906141.31943
tgo,1991,630863670.62569
tgo,1992,548932757.22173
tgo,1993,348640700.24476
tgo,1994,399265355.16455
tgo,1995,464723492.97935
tgo,1996,556852011.92036
tgo,1997,510974216.10025
tgo,1998,496315144.08909
tgo,1999,459896701.64428
tgo,2000,423596980.44868
tgo,2001,428966550.82538
tgo,2002,514236794.79315
tgo,2003,692506646.926
tgo,2004,750992633.16305
tgo,2005,811002623.42243
tgo,2006,831073465.17498
tgo,2007,912910564.57918
tgo,2008,1135691080.26241
tgo,2009,1196574999.25657
tgo,2010,1296379585.22602
tgo,2011,1687560594.45551
tgo,2012,1751042417.012
tgo,2013,2007963454.99005
tgo,2014,1814597205.84293
tgo,2015,1498086403.95674
tgo,2016,1577308324.31389
tgo,2017,1584671613.54833
tha,1975,2780030954.49007
tha,1976,3466796234.60934
tha,1977,3984636759.22527
tha,1978,4863858317.16002
tha,1979,6268870754.6035
tha,1980,7938706473.48706
tha,1981,8513401713.48972
tha,1982,8551652506.46288
tha,1983,8153350168.19432
tha,1984,9301929411.70886
tha,1985,9100301783.19987
tha,1986,11105350789.8457
tha,1987,14664744178.9486
tha,1988,20428614917.4319
tha,1989,25290984353.3165
tha,1990,29229483219.4249
tha,1991,35504312762.1097
tha,1992,41387414595.1466
tha,1993,47465138939.81841
tha,1994,56144195298.79179
tha,1995,70291857803.15952
tha,1996,71415808938.04239
tha,1997,72419158862.1629
tha,1998,65908516080.9285
tha,1999,71410225658.8533
tha,2000,81761851505.617
tha,2001,76106587483.32358
tha,2002,81442771879.842
tha,2003,93881649848.36652
tha,2004,114018869449.69099
tha,2005,129287430000
tha,2006,152553120000
tha,2007,181372239999.99997
tha,2008,208357779999.99997
tha,2009,181968016733.26401
tha,2010,227242774271.88797
tha,2011,262943626360.64801
tha,2012,277377491249.24701
tha,2013,286231729110.82501
tha,2014,282159315524.35492
tha,2015,275804645083.95398
tha,2016,282043727579.01196
tha,2017,310793180828.64801
tha,2018,336290357163.99298
tjk,2002,768137200
tjk,2003,994724700
tjk,2004,1219841300
tjk,2005,492025500
tjk,2006,483430200
tjk,2007,534049300
tjk,2008,576512500
tjk,2009,599311100
tjk,2010,842102941
tjk,2011,1050936711
tjk,2012,1311787958
tjk,2013,937227359
tjk,2014,836264767
tjk,2015,824698053
tjk,2016,899523470
tjk,2017,1124964688.2
tjk,2018,1116258706
tls,2006,43343080.75024
tls,2007,69159715.18138
tls,2008,58143861.87994
tls,2009,66149931.32131
tls,2010,94889673.7611
tls,2011,101258510.46865
tls,2012,102689739.18815
tls,2013,87862751.60442
tls,2014,89595180.71222
tls,2015,91006899.61387
tls,2016,96780600
tls,2017,109896003.01168
ton,1971,3671360.58786
ton,1972,4265612.52243
ton,1973,5043501.50527
ton,1974,8535712.51916
ton,1975,15702018.10046
ton,1976,9327258.12954
ton,1977,9815405.35009
ton,1978,13392990.25119
ton,1979,12065718.63785
ton,1980,14371080.43488
ton,1981,15961043.97082
ton,1982,18778023.42877
ton,1983,13503442.55259
ton,1984,19176190.66321
ton,1985,22916649.17603
ton,1986,20639479.13073
ton,1987,25047187.1011
ton,1988,24791978.89776
ton,1989,31638738.68978
ton,1990,38765957.22304
ton,1991,32336151.28702
ton,1992,31749871.82657
ton,1993,28102086.90793
ton,1994,32875840.71353
ton,2001,24261943.41713
ton,2002,33711234.85776
ton,2003,39124033.32077
ton,2004,44843200.50978
ton,2005,46685348.86666
ton,2006,43161488.32526
ton,2007,37009253.02247
ton,2008,51426149.67609
ton,2009,43707213.92628
ton,2010,45042474.63243
ton,2011,67363413.8894
ton,2012,80352967.46973
ton,2013,91779809.80458
ton,2014,74694566.77306
ton,2015,99746061.29501
ton,2016,103168335.19898
ton,2017,101964795.43913
ton,2018,104818106.71044
tto,1975,1289889898.57463
tto,1976,1390721270.10568
tto,1977,1548458333.97852
tto,1978,1564708333.9853
tto,1979,2067625000.86151
tto,1980,3138916667.97455
tto,1981,3143541667.97647
tto,1982,2789208334.49551
tto,1983,2345625000.97734
tto,1984,2439750000
tto,1985,2405755102.04082
tto,1986,1650083333.33333
tto,1987,1623638888.88889
tto,1988,1740721951.21952
tto,1989,1831600000
tto,1990,2288635294.11764
tto,1991,2179764705.88236
tto,1992,2144094117.64707
tto,1993,1853526597.97462
tto,1994,2104244565.51168
tto,1995,2798717452.05331
tto,1996,2815323007.14439
tto,1997,2994411900.59097
tto,1998,2929755335.06422
tto,1999,3398700000
tto,2000,4828900255.55321
tto,2001,4868300260.24551
tto,2002,4547200000
tto,2003,5880900000
tto,2004,7384058664.5938
tto,2005,10878646809.6652
tto,2006,14879422193.7939
tto,2007,14121460780.6821
tto,2008,19557228922.6859
tto,2009,9968776047.27209
tto,2010,12093527322.1487
tto,2011,18203739867.507
tto,2012,17719863299.4629
tto,2013,18875790817.46429
tto,2014,16423838830.1744
tto,2015,12606416704.2683
tto,2016,9313184736.76793
tto,2017,10513257044.2661
tun,1976,1303714072.19104
tun,1977,1326494932.57138
tun,1978,1653167273.0225
tun,1979,2556201377.87914
tun,1980,3262097570.53682
tun,1981,3485187286.09051
tun,1982,3001587138.71817
tun,1983,2865491336.18823
tun,1984,2696846171.7962
tun,1985,2672272180.57532
tun,1986,2722821894.66172
tun,1987,3341529271.56713
tun,1988,4252718909.23045
tun,1989,4376813248.0677
tun,1990,5203036053.13093
tun,1991,5105876733.25553
tun,1992,6012889609.16595
tun,1993,5786349409.29354
tun,1994,6910158872.69175
tun,1995,7978852762.35792
tun,1996,8150741809.2784
tun,1997,8172467579.44076
tun,1998,8423456058.31083
tun,1999,8736116672.63799
tun,2000,8558504881.99319
tun,2001,9464017307.14093
tun,2002,9466613523.39869
tun,2003,10891310674.9022
tun,2004,13502569318.0601
tun,2005,14568070292.6291
tun,2006,15891061400.0488
tun,2007,19964048568.2512
tun,2008,25079989449.26509
tun,2009,19815296883.9681
tun,2010,22125192119.6032
tun,2011,22494654717.22689
tun,2012,22148014960.4912
tun,2013,21976251416.9646
tun,2014,21575036446.9053
tun,2015,17452928057.0955
tun,2016,16899132539.8427
tun,2017,17584260723.1057
tur,1974,2081000000
tur,1975,2017000000
tur,1976,2540000000
tur,1977,2287000000
tur,1978,2755000000
tur,1979,2935000000
tur,1980,3621000000
tur,1981,5967000000
tur,1982,7808000000
tur,1983,7844000000
tur,1984,9609000000
tur,1985,11119000000
tur,1986,10580000000
tur,1987,14135000000
tur,1988,17581000000
tur,1989,18194000000
tur,1990,21042000000
tur,1991,22039000000
tur,1992,24298000000
tur,1993,26263000000
tur,1994,29191000000
tur,1995,36581000000
tur,1996,45150000000
tur,1997,51528000000
tur,1998,54117000000
tur,1999,45482000000
tur,2000,50353000000
tur,2001,49963000000
tur,2002,54750000000
tur,2003,70502000000
tur,2004,91918000000
tur,2005,106331000000
tur,2006,119865000000
tur,2007,145383000000
tur,2008,178015000000
tur,2009,145547000000
tur,2010,157445000000
tur,2011,183649999999.99997
tur,2012,205515000000
tur,2013,209986000000
tur,2014,220871000000
tur,2015,199010000000
tur,2016,187966000000
tur,2017,210153000000
tur,2018,223458000000
tuv,2001,1274564.40092
tuv,2002,1635078.86664
tuv,2003,2015177.6916
tuv,2004,2715978.95511
tuv,2005,2627019.09344
tuv,2006,3015215.17599
tuv,2007,3266386.14748
tuv,2008,4060750.71532
tuv,2009,5513224.54339
tuv,2010,14060484.36844
tuv,2011,14848815.11739
tuv,2012,25110647.07143
tuv,2013,20567990.47546
tza,1976,625777820.2667
tza,1977,645296846.8689
tza,1978,606194202.6576
tza,1979,685682990.3623
tza,1980,747749826.9859
tza,1981,797850347.2983
tza,1982,527438906.7463
tza,1983,489554524.871
tza,1984,504307737.596
tza,1985,434114886.3981
tza,1986,436601404.4718
tza,1987,393212922.1208
tza,1988,503876902.6038
tza,1989,532373005.185
tza,1990,538425092.6337
tza,1991,505289766.9825
tza,1992,576252408.3296
tza,1993,764783793.8125
tza,1994,937651197.055
tza,1995,1265150317.5758
tza,1996,1372187961.5848
tza,1997,1246638019.7592
tza,1998,1191063108.6399
tza,1999,1201800788.802
tza,2000,1361001371.5684
tza,2001,1766704739.68
tza,2002,1899699677.30718
tza,2003,2168609096.74792
tza,2004,2615267756.87179
tza,2005,2971656820.39134
tza,2006,3445682862.8163
tza,2007,4102294744.61643
tza,2008,5577564963.91484
tza,2009,5152734436.67582
tza,2010,6370022829.17572
tza,2011,7398235544.52255
tza,2012,8675629504.5013
tza,2013,8459721764.64591
tza,2014,8590085863.64074
tza,2015,8813810070.83096
tza,2016,9268639109.05984
tza,2017,8747870004.57835
uga,1980,329300000
uga,1981,273100000
uga,1982,347100000
uga,1983,367700000
uga,1984,424100000
uga,1985,370900000
uga,1986,418600000
uga,1987,333600000
uga,1988,266300000
uga,1989,277700000
uga,1990,177800000
uga,1991,194000000
uga,1992,185700000
uga,1993,293620000
uga,1994,527100000
uga,1995,664300000
uga,1996,784030000
uga,1997,757240000
uga,1998,686480000
uga,1999,679500000
uga,2000,663100000
uga,2001,684158462.0619
uga,2002,702853884.0259
uga,2003,834006688.25777
uga,2004,1132286453.1414
uga,2005,1542022924.84358
uga,2006,1735592050.18102
uga,2007,2439027028.40235
uga,2008,3039719573.37922
uga,2009,3353745530.34236
uga,2010,3468077634.56924
uga,2011,4298479345.77474
uga,2012,4935836850.08774
uga,2013,4931775815.48091
uga,2014,4905294915.41623
uga,2015,4728648691.8958
uga,2016,4836478690.08527
uga,2017,5089596923.5252
uga,2018,5607062105.77604
ukr,1994,16043000000
ukr,1995,16088000000
ukr,1996,18728000000
ukr,1997,20355000000
ukr,1998,16591000000
ukr,1999,16068000000
ukr,2000,18358000000
ukr,2001,19917000000
ukr,2002,22027000000
ukr,2003,27328000000
ukr,2004,39461000000
ukr,2005,42626000000
ukr,2006,48355000000
ukr,2007,61412000000
ukr,2008,82480000000
ukr,2009,52080000000
ukr,2010,65626000000
ukr,2011,83652000000
ukr,2012,86516000000
ukr,2013,81719000000.00002
ukr,2014,65436000000
ukr,2015,47862000000
ukr,2016,46008000000
ukr,2017,53868000000
ukr,2018,59116999999.99999
upper_middle_income,1982,286886743131.5401
upper_middle_income,1983,288836611495.30115
upper_middle_income,1984,308134253895.21692
upper_middle_income,1985,295279888141.02002
upper_middle_income,1986,258599954900.41891
upper_middle_income,1987,316770212299.13696
upper_middle_income,1988,353414503851.49707
upper_middle_income,1989,385807857668.24597
upper_middle_income,1990,438765022882.758
upper_middle_income,1991,454320923260.28802
upper_middle_income,1992,503043361455.87512
upper_middle_income,1993,545903879359.57892
upper_middle_income,1994,645600473273.55188
upper_middle_income,1995,780959775943.56433
upper_middle_income,1996,870430830912.31921
upper_middle_income,1997,866502615973.23401
upper_middle_income,1998,865003637467.49182
upper_middle_income,1999,904892751798.38794
upper_middle_income,2000,1102594146436.22998
upper_middle_income,2001,1087489808747.13989
upper_middle_income,2002,1165652860671.30005
upper_middle_income,2003,1522479891696.44019
upper_middle_income,2004,1958748229757.6001
upper_middle_income,2005,2407543037568.56055
upper_middle_income,2006,2936880074439.52881
upper_middle_income,2007,3536369688487.46045
upper_middle_income,2008,4290575981604.10986
upper_middle_income,2009,3362839909698.81006
upper_middle_income,2010,4224360108831.21045
upper_middle_income,2011,5209356229360.12891
upper_middle_income,2012,5498364841781.44043
upper_middle_income,2013,5675316911212.31055
upper_middle_income,2014,5709614050496.0791
upper_middle_income,2015,5044999137309.19922
upper_middle_income,2016,4750374413303.34863
upper_middle_income,2017,5337665467949.92871
upper_middle_income,2018,5922216302120.66113
ury,1978,912900000
ury,1979,1194200000
ury,1980,1526000000
ury,1981,1700700000
ury,1982,1537300000
ury,1983,1434600000
ury,1984,1289400000
ury,1985,1257100000
ury,1986,1509900000
ury,1987,1589230000
ury,1988,1752770000
ury,1989,2032290000
ury,1990,2158490000
ury,1991,2200920000
ury,1992,2631740000
ury,1993,2759960000
ury,1994,3248300000
ury,1995,3506800000
ury,1996,3847200000
ury,1997,4217200000
ury,1998,4148400000
ury,1999,3552200000
ury,2000,3659607810.28443
ury,2001,3262039171.46246
ury,2002,2693396052.43409
ury,2003,3052533440.20105
ury,2004,4256565060.99537
ury,2005,5085360969.68544
ury,2006,5787237704.38431
ury,2007,6933356522.17578
ury,2008,9372212090.51899
ury,2009,8711487614.58235
ury,2010,10718847982.16
ury,2011,12915653977.4674
ury,2012,18102935095.4086
ury,2013,18098985823.634
ury,2014,18385370741.0729
ury,2015,15631491060.016
ury,2016,14534566967.3061
ury,2017,15817948214.3763
ury,2018,16405950481.6674
usa,1970,53900000000
usa,1971,56110000000
usa,1972,62730000000
usa,1973,88450000000
usa,1974,119080000000
usa,1975,130420000000
usa,1976,142320000000
usa,1977,151900000000
usa,1978,177525000000
usa,1979,223270300000
usa,1980,271788000000.00003
usa,1981,294295000000
usa,1982,275167000000
usa,1983,266018000000
usa,1984,291047000000
usa,1985,289010000000
usa,1986,310040999999.99994
usa,1987,348872000000
usa,1988,431143000000.00006
usa,1989,487063000000.00006
usa,1990,535258000000
usa,1991,578337000000
usa,1992,616872900000
usa,1993,642854000000.00012
usa,1994,703254000000.00012
usa,1995,794397000000
usa,1996,851628000000
usa,1997,934459000000
usa,1998,933183000000
usa,1999,969870000000.00012
usa,2000,1075321000000
usa,2001,1005652000000
usa,2002,978707000000.00012
usa,2003,1020417000000
usa,2004,1161547000000
usa,2005,1286020000000
usa,2006,1457644999999.99976
usa,2007,1653547000000.00024
usa,2008,1841612999999.99976
usa,2009,1583050999999.99976
usa,2010,1853035000000.00024
usa,2011,2125944999999.99951
usa,2012,2218355000000.00049
usa,2013,2294195000000
usa,2014,2376657000000
usa,2015,2266689000000
usa,2016,2215846000000.00049
usa,2017,2351073000000
usa,2018,2500755000000
uzb,2016,10549916892.6191
uzb,2017,12412218530.1396
uzb,2018,14135137288.3331
vct,1978,29200000
vct,1979,32800000
vct,1980,38800000
vct,1981,48700000
vct,1982,47890370.37037
vct,1983,58900000
vct,1984,72700000
vct,1985,82400000
vct,1986,92888888.88889
vct,1987,91096296.2963
vct,1988,124503703.7037
vct,1989,115511111.11111
vct,1990,130166666.66667
vct,1991,113362962.96296
vct,1992,137966666.66667
vct,1993,119481481.48148
vct,1994,112255555.55556
vct,1995,136311111.11111
vct,1996,149237037.03704
vct,1997,148344444.44444
vct,1998,157414814.81481
vct,1999,177185185.18518
vct,2000,179414814.81481
vct,2001,175943333.33333
vct,2002,178312803.7037
vct,2003,172849121.85185
vct,2004,184518288.51852
vct,2005,200544542.59259
vct,2006,211994458.51852
vct,2007,212220179.62963
vct,2008,210168319.25926
vct,2009,192307706.66667
vct,2010,183185265.92593
vct,2011,182794060.74074
vct,2012,188277044.81481
vct,2013,194023430.74074
vct,2014,256070304.00341
vct,2015,282423774.28191
vct,2016,292503380.56613
vct,2017,282876165.14428
ven,1970,2779000000
ven,1971,3300000000
ven,1972,3361000000
ven,1973,5050000000
ven,1974,11615000000
ven,1975,9352000000
ven,1976,9683000000
ven,1977,10165000000
ven,1978,9803000000
ven,1979,14959000000
ven,1980,19968000000
ven,1981,20938000000
ven,1982,17557000000
ven,1983,15841000000
ven,1984,16763000000
ven,1985,15275000000
ven,1986,9492000000
ven,1987,11428000000
ven,1988,11052000000
ven,1989,13988000000
ven,1990,18806000000
ven,1991,16388000000
ven,1992,15514000000
ven,1993,16119000000
ven,1994,17681000000
ven,1995,20753000000
ven,1996,25280000000
ven,1997,25185000000
ven,1998,19130000000
ven,1999,22315000000
ven,2000,34711000000
ven,2001,28043000000
ven,2002,27794000000
ven,2003,28108000000
ven,2004,40782000000
ven,2005,57058000000
ven,2006,67122000000
ven,2007,72062000000
ven,2008,98240000000
ven,2009,60658000000
ven,2010,68731000000.00002
ven,2011,95655000000
ven,2012,100033000000
ven,2013,90964999999.99998
ven,2014,76802000000
ven,2015,38867000000
ven,2016,28684000000
vnm,1996,9498000000
vnm,1997,11715000000
vnm,1998,11977000000
vnm,1999,14033000000
vnm,2000,17150000000
vnm,2001,17837000000
vnm,2002,19654000000
vnm,2003,23421000000
vnm,2004,30352000000
vnm,2005,36623000000
vnm,2006,44926000000
vnm,2007,54591000000
vnm,2008,69691000000.00002
vnm,2009,62862000000
vnm,2010,79696999999.99998
vnm,2011,105785000000
vnm,2012,124313999999.99998
vnm,2013,142743000000
vnm,2014,161187000000
vnm,2015,173312000000
vnm,2016,188882000000
vnm,2017,227245000000
vut,1982,47667801.36713
vut,1983,56034326.34187
vut,1984,74966944.25598
vut,1985,56830164.26771
vut,1986,39396343.81079
vut,1987,49881360.4216
vut,1988,55355370.36845
vut,1989,54026837.09415
vut,1990,73900354.72003
vut,1991,80949465.98455
vut,1992,87726996.5372
vut,1993,86313587.00336
vut,1994,103243347.56301
vut,1995,109927567.17532
vut,1996,122942923.88324
vut,1997,123110769.28542
vut,1998,147738804.82917
vut,1999,140457435.51688
vut,2000,156996731.68026
vut,2001,139149293.0968
vut,2002,113812212.21078
vut,2003,137499164.59759
vut,2004,160422408.51902
vut,2005,176959904.87286
vut,2006,183513482.01609
vut,2007,219482601.55059
vut,2008,275438871.12186
vut,2009,303489416.95002
vut,2010,325463444.73284
vut,2011,350516945.06712
vut,2012,356479438.47296
vut,2013,390939130.9168
vut,2014,397096763.89291
vut,2015,321786383.03412
world,1977,1374621830578.87012
world,1978,1590630109947.19971
world,1979,2024979888942.65991
world,1980,2435650665672.98047
world,1981,2424498061573.54004
world,1982,2259511352587.3501
world,1983,2190937261609.61987
world,1984,2290928297973.16016
world,1985,2309173261565.80957
world,1986,2537634820757.68896
world,1987,3012466867918.66895
world,1988,3427204778119.78027
world,1989,3712764043233
world,1990,4328030122023.89893
world,1991,4428272167873.7998
world,1992,4777332374352.37012
world,1993,4720512075955.46973
world,1994,5299465435040.69043
world,1995,6345777488999.23145
world,1996,6748771936003.51953
world,1997,6939981613928.16895
world,1998,6875238474018.53906
world,1999,7123050474830.37891
world,2000,7938356629408.55859
world,2001,7657951673206.84863
world,2002,8000658396483.32715
world,2003,9390734904836.2793
world,2004,11447745681067
world,2005,12990753249111.90039
world,2006,14932461679954.49609
world,2007,17397892373154.89258
world,2008,19934362424423.00391
world,2009,15931887488930.49609
world,2010,18900187843317.19922
world,2011,22464282454856.80469
world,2012,22843298796418.89453
world,2013,23539785998913.29688
world,2014,23938819999187.5
world,2015,21303398882056.80469
world,2016,20852828065851.19531
world,2017,22970033983159.29688
world,2018,25024971303677.30469
wsm,1977,17148436.40372
wsm,1978,13648719.11002
wsm,1979,21763382.75161
wsm,1980,25649765.06822
wsm,1981,18257686.76341
wsm,1982,21700732.83034
wsm,1983,26827947.07357
wsm,1984,26875284.99218
wsm,1985,26455576.30991
wsm,1986,23844240.88542
wsm,1987,28198443.26495
wsm,1988,41981571.17656
wsm,1989,43762824.72478
wsm,1990,44539656.58689
wsm,1991,37201687.4322
wsm,1992,42472386.19124
wsm,1993,42233066.92505
wsm,1994,46516083.29477
wsm,1995,64461765.75132
wsm,1996,75230297.08684
wsm,1997,79875073.50437
wsm,1998,82956573.68849
wsm,1999,79468277.73707
wsm,2004,106742131.47586
wsm,2005,141687156.30551
wsm,2006,149059985.76692
wsm,2007,181792959.71533
wsm,2008,180131839.56491
wsm,2009,173604988.62225
wsm,2010,194969665.84473
wsm,2011,205975498.02111
wsm,2012,231027323.09874
wsm,2013,230141451.88859
wsm,2014,225924771.4397
wsm,2015,231414415.49999
wsm,2016,248249692.32102
wsm,2017,281090135.75404
yem,2005,6785266096.41156
yem,2006,7865230000
yem,2007,7773340000
yem,2008,10182270000
yem,2009,7118205325.95418
yem,2010,9270503494.65773
yem,2011,10384043196.4384
yem,2012,9385475847.14096
yem,2013,9567265397.75143
yem,2014,9430397528.4098
yem,2015,1867305763.53765
yem,2016,938468580.24
zaf,1960,2238599105.4558
zaf,1961,2337999065.73557
zaf,1962,2498999001.4
zaf,1963,2696398922.51899
zaf,1964,2846198862.65893
zaf,1965,2913398835.80582
zaf,1966,3123398751.88986
zaf,1967,3385198647.27462
zaf,1968,3760398497.34476
zaf,1969,3859798457.62453
zaf,1970,3904598439.72246
zaf,1971,4325492163.13433
zaf,1972,5254926553.11979
zaf,1973,7230920097.51479
zaf,1974,9996662197.19107
zaf,1975,10323214081.4409
zaf,1976,9840549991.443
zaf,1977,11913999989.64
zaf,1978,14670549987.243
zaf,1979,19719170174.3075
zaf,1980,28501651956.2234
zaf,1981,23621057036.358
zaf,1982,20081946595.1331
zaf,1983,20979586793.132
zaf,1984,19302453655.9364
zaf,1985,18030792412.15421
zaf,1986,19959939848.3875
zaf,1987,25978095715.3321
zaf,1988,26798100048.2563
zaf,1989,25591574580.9092
zaf,1990,27160238991.0116
zaf,1991,26126023104.4514
zaf,1992,27893270926.0938
zaf,1993,29294867480.1148
zaf,1994,30001242104.1358
zaf,1995,34402137132.15299
zaf,1996,35495118245.5534
zaf,1997,36561083234.6058
zaf,1998,34594731512.5752
zaf,1999,33743869641.69841
zaf,2000,36995346355.13959
zaf,2001,35908902855.2168
zaf,2002,36882385813.7096
zaf,2003,47358893128.47319
zaf,2004,58436025841.5874
zaf,2005,68089718597.96581
zaf,2006,79216650333.43588
zaf,2007,93531189535.21761
zaf,2008,103029506544.161
zaf,2009,83756723460.5116
zaf,2010,107735282477.83801
zaf,2011,126865798282.62799
zaf,2012,117846262079.46802
zaf,2013,113490164681.97298
zaf,2014,110320682522.45297
zaf,2015,96038279946.017
zaf,2016,90999388885.61081
zaf,2017,103369318284.58401
zaf,2018,110008875813.63501
zmb,1978,943400000
zmb,1979,1523300000
zmb,1980,1608700000
zmb,1981,1149000000
zmb,1982,1063700000
zmb,1983,1021700000
zmb,1984,968100000
zmb,1985,865100000
zmb,1986,739500000
zmb,1987,899800000
zmb,1988,1247600000
zmb,1989,1425300000
zmb,1990,1360300000
zmb,1991,1255100000
zmb,1997,1222300000
zmb,1998,916800000
zmb,1999,878600000
zmb,2000,871970000
zmb,2001,1054825000
zmb,2002,1104469000
zmb,2003,1251517000
zmb,2004,2076306000
zmb,2005,2827695061.69112
zmb,2006,4547091169.12716
zmb,2007,5227148091.80765
zmb,2008,5631664313.64614
zmb,2009,4900459150.59378
zmb,2010,8054341321.11946
zmb,2011,9419019755.12257
zmb,2012,10510886465.9716
zmb,2013,11601393752.5418
zmb,2014,11071017827.7681
zmb,2015,8223465324.37232
zmb,2016,7419922061.24507
zmb,2017,9080489944.95685
zmb,2018,9986281253.29118
zwe,1977,964926026.88881
zwe,1978,996407921.63828
zwe,1979,1166794056.16439
zwe,1980,1608422846.70322
zwe,1981,1583755202.26203
zwe,1982,1491951294.94615
zwe,1983,1297277935.52429
zwe,1984,1311467888.34022
zwe,1985,1413422044.22569
zwe,1986,1490091489.77178
zwe,1987,1614756686.71973
zwe,1988,1853092941.27036
zwe,1989,1933183560.28617
zwe,1990,2009790332.67601
zwe,1991,1965070727.39949
zwe,1992,1830589219.87656
zwe,1993,1978922519.31941
zwe,1994,2341631182.92461
zwe,2009,1882654717.30412
zwe,2010,3569254416.45001
zwe,2011,4907581285.21427
zwe,2012,4336628554.07586
zwe,2013,4197687389.48527
zwe,2014,4045362052.05002
zwe,2015,3964161628.12879
zwe,2016,4059678530.78196
zwe,2017,4714986446.53517
